336;2837
105;3597
4930;2248
1224;4197
1139;905
2243;3008
3127;1268
4205;2203
3264;870
159;4515
192;2349
2096;1002
1313;127
2162;3605
2896;4226
3673;4504
2495;3177
4679;1238
4100;2703
592;511
633;1643
3268;2351
2491;361
4531;166
4040;1217
2892;4050
3639;4717
887;4715
1218;160
2372;1550
1970;90
2097;753
4636;213
4208;1140
4526;4639
4867;1368
4056;2016
2166;743
3612;325
1856;1867
2161;3409
322;4843
1701;4760
4620;4994
1446;216
3479;1853
3194;205
855;1816
2622;375
123;3192
3897;1173
236;706
1018;3519
347;4646
337;3393
4411;3083
3698;4379
2418;1784
2256;3106
2924;838
1306;4596
2892;2501
2908;1933
3138;1617
4844;3829
1473;959
3016;3804
3439;4385
3888;2243
3015;3496
487;1668
275;3931
3965;2762
359;3286
4261;2986
822;4261
2086;2664
2906;1801
1894;4225
4334;2015
650;414
2118;1371
1731;854
1455;2369
1231;4811
1357;4391
1786;557
2062;1059
959;4835
3733;968
3692;3671
3421;2477
488;4786
2895;3063
1308;1055
1707;4991
3790;580
2917;4410
4876;902
1188;917
1246;4313
4726;1776
2807;2211
1609;4827
3791;454
2715;4346
4476;3910
595;87
2068;3264
1492;4290
3618;4858
4091;4833
850;1324
3912;2797
3208;1224
4158;4771
205;1251
2835;2133
3902;3960
4668;1500
1132;3992
260;518
4433;365
1682;1268
4671;3279
3782;2865
3547;4971
1573;330
4692;2129
1516;1679
4345;1231
1188;4339
885;4468
2937;3667
3143;1754
586;436
4644;275
4289;3852
1214;1053
159;1959
1868;3824
3488;237
4004;1065
183;1954
2889;900
703;3318
3702;905
2087;2888
1012;2090
2021;995
2261;3598
1996;1268
2418;523
4875;676
3233;3780
3341;2050
1399;3643
157;1611
2022;1589
1582;4047
1163;4903
2195;1777
429;4234
344;3727
1696;2465
3992;4833
2581;2990
4508;1095
2417;3283
1432;3962
610;4580
2062;2567
3603;2169
1350;636
4702;2199
2747;2014
1822;1702
4645;2611
3351;2656
2809;2398
867;94
1860;1682
959;2358
1389;1673
907;368
4905;3015
1107;1150
362;2863
4860;459
4828;4089
142;4206
661;4504
2201;96
1832;2548
1901;3490
4387;3861
1714;1577
4934;3516
721;1501
3258;1595
898;2799
4950;3161
1065;1293
180;2803
1028;2137
738;1563
3380;3003
1997;603
3095;1056
4843;4182
2060;3379
2720;4682
1124;1544
999;2473
2603;1020
2768;3483
581;1733
2132;434
1340;1348
1035;4952
880;4325
3804;158
2331;1511
2811;2019
2199;3666
4262;659
2295;1721
2877;223
3115;3594
3512;536
682;761
4297;1176
1764;4410
101;1263
3244;4636
4717;1764
4541;3584
512;4168
3723;3611
3225;266
2545;1054
2356;365
4498;4115
2043;1825
2277;1236
3787;4226
3319;3251
3632;1917
3311;87
2791;2161
4480;4890
4977;2766
1927;1853
1298;4762
4033;2583
2115;3860
939;1337
268;1609
4916;790
4203;3999
2212;3820
3179;4289
4095;2135
2662;3536
4581;972
1597;4411
79;4695
2208;1748
1180;2382
2737;4681
429;4546
1801;499
1399;3554
197;2320
100;48
4832;1613
3964;2482
277;380
2748;612
4059;1646
3861;3167
2570;3753
3341;3929
3136;3953
2109;673
4728;2918
1704;1892
2733;4252
3593;3601
2590;4723
2832;1699
580;2079
4462;1076
3088;753
1109;4876
971;1822
1807;2602
3601;74
1768;3195
511;3259
4624;416
2682;4410
4213;1724
3175;2750
1276;177
3330;37
3068;500
3965;2538
4958;2112
1226;1948
4045;2552
1705;1796
4882;974
1610;2093
3003;2263
2787;4369
2175;4428
4712;4724
2815;4297
3901;4371
726;713
920;3154
3876;4591
3053;2054
4462;2696
3098;3480
388;1131
4418;3637
3791;1685
4731;2051
772;3502
3816;1
191;589
3817;4742
1806;1450
2873;424
4184;2313
3673;2334
2369;3935
1152;3794
3179;468
3093;2525
3882;1412
1803;946
1920;777
4504;394
812;326
2532;3071
4515;2780
73;354
856;49
4936;2344
3290;2693
1901;3885
648;3751
1495;2220
949;4533
3769;3605
4112;936
776;1036
3773;2871
3059;467
1820;623
2640;3883
4842;1820
2816;2141
953;421
1500;3875
2522;1116
99;1857
1734;2957
1929;276
682;1409
3040;3280
2447;2424
2165;2127
3408;2107
301;3196
1380;197
2302;2318
3159;1404
2836;63
331;4791
231;3256
2630;4330
4134;2725
512;2604
4605;1575
1800;954
1365;4836
2975;2216
395;527
2880;3077
1107;1778
1906;1205
3827;17
2177;4040
4558;3149
415;722
4738;413
4080;2506
3432;80
4662;4312
660;2585
3667;2311
3934;2965
3442;3708
3181;2824
672;1765
2501;1368
1581;593
3357;2573
3777;1990
3232;4181
1757;4553
4259;4142
483;175
3168;4313
601;3714
4912;4820
4034;4841
2854;3462
1189;789
1206;3071
136;1484
852;3766
291;3536
553;1717
2438;3201
2122;4386
4971;4833
3349;4300
2039;2168
1450;2305
4416;3885
539;2025
2472;4064
4342;2905
4087;1279
2819;4975
2928;3813
4056;2106
561;1873
3284;2504
3681;2246
4691;3118
1672;760
1570;3990
3972;4548
1508;2114
2809;3787
3774;2362
3811;2593
906;3349
1479;364
3715;4083
2449;4538
3726;541
3498;2545
2316;502
2505;1265
1791;2551
413;620
3173;1750
4970;553
3882;2662
4026;1702
3587;601
1576;1075
3537;2008
115;4039
1626;4971
2280;4583
2375;3935
4725;1034
998;3980
1824;895
3849;2362
2624;223
1791;3742
616;1531
3611;3423
3799;3671
1375;306
1429;4124
3894;944
89;2538
1007;3430
4622;953
610;2543
320;4800
4948;1093
902;1214
3054;4421
3549;1342
126;933
1834;2877
2415;4110
1285;1930
651;1022
4599;1264
1494;1756
777;3781
2726;3655
3728;2670
4315;1708
2749;1717
1743;2073
3797;2674
545;2478
3182;148
4631;1292
3321;4974
888;4363
5000;3352
1729;464
1329;2862
895;267
1776;1802
3746;433
4347;1708
1841;1539
1812;3512
605;1414
2791;2043
3599;1851
2204;649
204;1970
1985;4124
683;3435
3756;2877
1410;1702
4303;1069
3890;1212
3838;191
1821;1326
158;3934
1191;1606
571;4202
2090;59
1834;3338
2818;4111
2925;3128
4872;1490
385;3493
1702;4883
2602;1958
2676;351
2092;754
1689;2921
4812;533
174;3865
2207;45
2209;623
1296;3532
2774;2591
4976;3764
4319;1773
217;2581
4480;1935
165;4041
4278;1252
3762;1991
4369;1756
2587;444
2107;2015
578;843
2192;2733
2348;1504
3768;1138
1397;410
4939;4417
4808;4655
1915;2982
2453;2150
2378;1135
496;467
1370;3763
2567;2758
885;3183
1439;3260
1757;3084
987;4004
1110;1955
1675;1476
957;4219
4361;1349
1267;3956
900;2405
4310;1199
2444;1567
4107;4856
1508;2141
744;2003
3397;860
1860;1002
495;2857
3230;3383
796;1204
4698;2081
3967;770
2266;4142
696;3902
4519;4829
3235;4411
2282;4892
3378;588
2090;3983
2733;4044
2163;3610
618;3160
1855;2880
1234;4357
2287;2514
606;375
4952;2380
4116;3774
1779;3078
3860;97
2228;3043
650;8
872;2219
4755;2430
315;1714
1538;2705
4575;3960
4518;214
46;4963
3208;292
45;2114
2802;4629
2776;3025
1575;4392
1356;782
1206;4880
1385;4180
4270;1407
1571;719
3329;2210
4026;741
1566;2136
3302;858
2245;4715
4911;4067
2478;1537
167;545
2489;697
2676;2276
3785;1981
2825;4279
4912;4547
3126;587
950;4631
4508;1998
4038;381
4410;443
1170;4775
2223;4221
3747;4923
3917;4863
50;3249
1044;2581
3426;2365
2441;3675
4621;2293
164;2553
2927;186
2421;3558
1708;458
635;1419
950;1172
3283;4069
1855;2420
965;770
2705;3112
3206;2069
314;806
2989;4092
3971;3913
2836;3228
2826;3404
1696;1231
4902;1112
2759;529
166;350
3921;2784
3194;1022
2780;929
1710;2164
2090;3714
2473;3998
2289;2631
4484;743
420;1737
3011;3550
2286;1595
447;1662
2269;2276
3128;3305
840;2256
986;2397
3532;3027
901;2022
38;3581
3851;2339
3281;2438
2017;3183
3723;2916
4028;1690
4049;2646
904;1856
1564;1276
1276;2615
448;3669
3479;2846
1255;11
3306;2252
1022;1899
1141;347
1888;14
4854;3447
4531;2193
1850;589
2808;897
4115;307
3070;4112
415;213
3482;3800
4284;1954
701;4101
1342;4359
1181;2766
4180;4071
2521;1655
3859;4699
4542;843
3195;4102
331;3781
4971;3898
2271;3341
2044;2226
2345;3276
2655;4249
2571;1912
2061;1450
589;2657
2560;4443
66;4380
2016;1445
921;1745
2813;4739
3277;1491
2688;1965
1855;3242
2799;1989
1950;2996
688;2985
4594;1815
3015;2271
4778;1759
4253;4890
2947;3505
4367;114
4314;787
9;3343
3065;3495
1514;4531
2127;4376
919;4684
4152;1546
1117;3371
3488;780
1926;3969
2579;631
2106;3706
2145;81
999;4015
3080;586
1326;2238
1976;2185
4584;48
1933;4802
4159;973
3567;1105
2690;827
3326;4273
1004;4629
15;2966
88;3342
1295;4534
1699;2535
2502;1395
1368;4457
943;2295
1267;3974
2436;220
3830;4093
3832;4816
1573;2238
3203;4653
3447;824
3731;1309
4774;3855
841;3372
382;1990
155;1936
657;733
4153;184
1798;1677
3335;1177
1224;4207
1096;178
940;1199
577;3629
2143;1212
4458;1557
2728;2904
157;1525
1916;4085
1135;547
2342;4454
179;4533
876;1705
561;3083
4531;1905
1081;3606
3373;986
4070;3169
2643;1214
1690;1963
2759;3931
3258;4099
2592;4029
12;2473
27;1741
1623;4959
3257;4873
1181;1995
3221;3724
39;1070
1055;3072
1223;4478
968;4965
2864;3315
2651;4049
1574;860
4747;3014
2725;2499
1061;836
517;67
753;68
3267;1183
1616;2916
3956;1655
3466;3370
436;1651
537;753
4205;1898
4280;2835
4070;4940
88;616
1712;1363
4810;1109
2858;2095
557;570
889;3271
724;2565
1958;87
539;4722
2468;3191
3227;3966
3826;1047
3261;4100
1063;1866
1535;769
4048;4754
2929;3767
2847;4211
965;4324
224;537
1338;2026
4528;3793
2496;1433
3198;1020
1218;3837
1038;3321
906;4013
1191;1382
4069;1783
612;2963
4849;2850
3617;4043
1443;4226
2174;4519
3479;666
2645;4972
4937;1484
1209;763
481;1002
1795;4003
1355;2152
1530;484
2621;635
2115;2871
794;2926
1630;1044
1169;4516
2742;857
1623;1535
525;1473
809;3479
3887;4230
2598;3645
4264;428
1893;1176
1543;1909
3597;841
540;4532
3150;3006
4466;1009
2703;3044
52;3919
3208;996
220;2193
3630;4984
4555;3012
537;4882
3343;1015
3717;2573
2774;835
2679;866
4914;2659
3974;1297
1584;1413
1864;798
4085;3754
3926;4982
1151;1046
381;745
3370;1188
225;4554
3936;518
307;4206
726;4090
4273;2628
3753;1524
3459;1431
2744;1403
340;1069
2282;2863
3667;2611
4478;3721
1904;4851
1729;3213
4748;3884
2717;4305
211;1848
3537;3502
3768;1430
752;465
273;4406
4338;3206
463;114
3921;2711
805;4804
1551;1093
4931;4413
1494;361
818;2966
2305;2232
1945;634
1683;3516
1867;1037
616;4294
1502;623
2830;2583
1184;676
3976;2461
1471;3476
72;2758
2178;178
1786;3472
4439;2981
3023;2158
29;4783
4300;620
2127;4761
1272;3498
1387;4790
2005;2727
1972;3375
749;511
3373;2317
1609;1418
1746;841
252;1515
3398;3838
1053;2220
4316;4330
3677;3809
2520;1839
2226;1291
903;2003
4760;3812
1320;215
1300;827
2452;2239
2366;4126
3543;4255
2867;2448
4976;2727
627;4934
3979;2338
275;4092
969;2160
4477;3416
3325;2686
873;2242
271;3517
2379;1096
4001;4798
1047;2501
4967;4169
4292;300
2172;1404
2248;2845
4206;4286
4168;2134
2443;3078
418;67
1025;1286
2546;4669
2975;3831
2499;1240
4560;4310
1009;1250
4997;2335
4929;3223
2231;3954
1580;91
1951;4599
312;4520
2782;3741
335;2592
4756;238
4679;34
2270;1082
792;4040
930;672
4013;510
1366;1682
3861;1625
1537;3875
4955;4720
3584;2658
2414;929
1218;1534
866;3686
285;826
4763;3329
2771;719
675;2484
4583;3912
2595;2964
4017;3436
4166;1424
2489;3658
166;3207
953;3657
3646;4664
929;1057
2795;3803
2401;2704
3152;544
3468;218
3952;1098
2659;80
2629;4190
875;3573
1498;32
4871;3116
736;4184
4870;2428
4866;2812
4118;42
1223;1355
4670;3076
1229;450
451;2337
4033;3972
2193;4979
4954;4570
3353;3473
3557;4900
3027;3729
892;3172
368;2412
2717;2516
1528;2785
3295;264
3881;1458
2796;3411
4651;4228
3413;540
1279;4334
181;1211
373;4994
60;1522
4980;1583
2458;2026
2829;1349
3704;1844
67;1662
2509;3351
2502;564
873;590
3508;2333
548;4456
1089;50
1927;3866
198;3208
267;2557
1904;405
1489;1026
2301;1565
1499;324
2913;146
2085;4223
4643;4786
3099;1518
781;1076
2787;1204
117;4033
928;2805
518;4540
914;2531
357;19
2144;1043
1605;51
1072;635
3151;2981
3205;1589
2695;4015
2097;4385
4328;218
256;4427
3248;2545
3687;4095
3114;800
1833;1152
1720;3596
777;3135
1180;3312
41;2128
1158;4903
4944;3571
1870;3738
2642;4339
4311;466
3400;4499
2346;1848
4711;1759
1615;4551
2364;3014
2635;689
4796;1261
1666;3453
2857;3962
1801;54
1742;3387
38;1507
3227;912
2746;1025
4610;3504
3552;4068
3942;2012
3354;4957
4351;154
3360;1461
1443;664
2980;1507
2179;3649
1456;4120
4126;2168
4506;1574
782;4197
1461;414
4722;3780
3451;2250
826;110
806;4881
4642;1837
1874;2155
1404;2897
2666;873
2072;884
1052;1750
4354;2276
2249;2820
1876;970
3167;4498
3627;423
3310;4623
1593;530
3478;979
2116;973
1992;1897
4082;3540
735;4318
4624;4605
1356;2047
3603;839
4794;1538
1895;4232
1208;2422
3400;1829
1678;1688
1869;4106
4084;3018
4056;3935
2579;2873
598;3378
4500;1474
3192;3527
4511;1529
1484;917
4834;4347
3288;3206
1625;3556
2762;4424
2434;4884
686;1643
2399;3178
4405;3154
3825;3801
66;3373
4202;1625
1871;4776
3126;779
4938;2233
2954;4008
356;3179
3020;677
958;3364
1881;3989
4490;263
2902;4689
101;4933
4587;2113
4634;1024
64;2937
5;2017
3929;4897
2205;2463
1011;1219
4011;1310
4435;3057
2708;3133
1286;917
3717;1578
2251;3462
1380;1355
3404;2280
2080;1027
2836;685
2635;1414
3753;2583
1370;4022
2912;259
725;3273
578;1883
1511;812
4381;1995
282;2604
1398;364
626;187
4211;2975
1679;4183
4479;2500
812;1251
515;1073
2363;2948
204;4533
3458;1712
1315;1126
1600;3263
4470;2979
4637;1384
3713;2094
2288;3188
2451;3166
2391;797
2467;4840
4774;1800
2358;3030
3928;1117
3205;1377
3829;3865
29;3651
2056;2767
1745;2694
1230;2400
1488;4269
1376;1448
2280;3517
2589;937
1807;764
1053;1459
3390;3622
3376;3511
4895;2825
2191;2506
2135;1559
294;1704
72;1309
4129;2411
2695;2880
436;4253
2526;3509
187;4395
2302;1257
1889;1050
1029;322
4671;3866
3453;2075
711;4567
2511;551
4179;862
2624;4377
452;2996
4354;3828
2506;598
1977;3258
1643;673
1512;4887
4691;768
1803;1075
4919;2561
1825;3172
2015;534
2669;2078
2702;845
4124;3024
977;2374
2511;1327
620;2946
3;909
565;4203
164;4996
1072;1488
1343;2456
3356;448
3052;433
2628;3020
1981;3249
2247;1992
3028;571
163;3541
3094;3647
860;1167
600;3574
1923;125
3195;4078
1927;4208
4024;4795
924;4184
4823;3577
4188;4848
995;4436
4366;3188
1298;526
4614;3968
1936;500
980;3858
3154;847
3984;1485
95;2897
2484;1155
94;116
137;2886
4959;825
1569;3599
601;2353
4416;4096
1700;1770
75;1722
2535;4455
3134;4581
651;1745
2303;2688
4352;1515
2074;4885
2035;2620
4612;397
2785;4505
3356;994
2444;3663
3734;1605
4108;3070
180;4221
790;635
2476;4860
2339;2403
1281;1522
2721;2065
2734;305
3987;4437
3108;2420
3733;3556
1986;4641
212;4856
4045;4958
2459;2233
690;1798
3494;3630
1219;4347
1878;4685
4255;1112
2187;3087
1678;4247
2423;3030
4510;1049
2547;3741
1006;1827
2217;4937
1845;2788
4120;4354
3657;4057
934;4738
439;4185
569;3989
557;3872
12;3968
251;944
4322;19
776;1159
3196;963
694;3017
4645;2326
320;4716
2660;358
2176;543
4988;192
2319;2619
2182;4603
2903;4873
1735;4601
4193;4663
106;860
4644;1471
2694;4933
3552;1803
1085;2876
2363;2746
4957;303
917;3755
1827;3710
3900;99
2966;2011
3524;2199
2335;1410
2109;752
3926;4847
786;3239
379;1002
3143;1138
3892;1233
3186;4046
3172;2403
793;4903
4161;3435
2670;4860
1503;121
3059;4826
3817;333
3816;3775
2787;1835
3378;4189
548;1477
1345;2959
794;4241
172;4411
3084;2422
757;1268
1019;747
4647;1975
4873;1570
144;4383
1936;1889
3006;3959
4850;2
2477;4927
3625;586
514;2711
2412;2046
3914;1212
1495;565
1060;1466
4956;544
4926;4551
4101;2607
2164;3952
2586;2079
2286;1296
276;4427
1592;2285
861;3623
1219;2033
2073;1341
2989;3693
3676;3354
3261;1602
1244;1042
4223;2871
4646;4622
1624;4863
3247;2123
3347;3016
1605;3298
2107;4380
4007;2192
3349;4829
68;4995
3866;2450
924;2686
3130;4046
2778;4880
566;1136
858;3754
3361;4280
3687;4092
3740;248
4075;3812
2147;3229
987;2962
1376;4417
4388;4628
1685;1543
49;2550
1043;1704
1981;4051
3311;4906
3377;2222
3105;2412
1649;4740
4634;1117
938;2243
809;3012
432;3501
3654;221
477;1639
301;1368
4891;2101
1065;1993
3680;2795
4866;680
4493;1649
3136;1319
289;534
3944;808
3856;3929
3858;3263
3525;4656
3699;1912
2828;4272
1282;877
1446;1177
2223;1571
4636;1837
4202;49
74;3743
3628;2803
3592;4411
1626;1931
424;2962
1618;1664
91;1080
3692;4745
2780;2637
4299;4342
1878;2393
3960;3024
2828;3132
3298;4921
1831;3863
4244;3568
513;3353
1485;1233
3733;4927
4411;3671
3726;4083
4828;2478
3767;1718
819;3423
175;1658
204;3523
1734;3258
3315;120
2059;2211
2190;2060
2209;1937
1960;4083
4393;2968
3144;1047
2128;381
914;1444
4106;3342
2120;84
2543;3071
3141;677
3262;4794
4406;685
3528;2325
862;937
1014;4708
4752;1567
2462;4492
2930;1494
157;755
3554;1428
2185;3489
1541;2818
386;3492
1577;2849
1759;12
1962;1097
1608;1159
4981;2261
3807;1053
193;4256
1941;1939
3718;2139
3685;572
4729;3752
1233;137
2589;2855
1949;3438
4864;2705
2228;4025
508;2853
2871;989
4177;2166
2736;4346
4774;2072
2969;2840
4159;3548
3405;3686
3391;4786
4807;768
4119;1544
1971;3233
4736;4286
2534;1820
4813;3057
1081;4618
129;3079
1892;3970
4459;3951
3060;861
1088;3513
3702;3958
2066;1665
1220;1628
4326;14
1034;3155
4232;2989
3582;4297
3787;351
1561;3573
2862;2548
1110;3562
258;4603
2828;2375
2448;3790
3822;3564
372;1742
4424;4496
1853;525
4389;2781
3023;13
2282;4234
1761;3317
76;3155
2520;3534
1600;2918
217;1264
139;1207
3998;3778
1116;1016
4936;979
2032;106
2908;866
2716;4291
2288;803
1040;2935
1611;845
1617;4864
4145;4559
4197;3640
2392;1362
3605;4295
2;387
587;3395
2425;4421
2060;2035
3057;1457
1403;1363
2498;1133
3761;3869
150;1614
4367;93
2536;4634
3692;1203
1758;239
3362;2032
3224;3597
349;3301
4448;1889
404;4898
4277;7
4272;839
4472;2501
3292;4878
1153;1113
3784;382
2418;204
3562;2907
3248;1748
3184;642
97;53
599;496
2887;4418
4866;2627
2079;3214
4011;2857
641;847
3104;2041
558;2404
2632;3296
3779;4889
3486;3547
3458;1637
4758;4115
892;2990
3233;2749
1967;4565
484;516
1993;4609
3885;2998
4902;1965
3236;219
4638;1283
4091;393
3597;168
3873;2801
2865;4247
1483;1580
2214;3481
1961;3982
1991;1787
3876;198
4670;4890
76;1337
3581;3751
1269;4107
592;597
3250;4172
1116;1872
1385;1730
3959;193
1922;1556
3169;856
2746;2136
4389;497
2994;3733
2135;1375
491;4714
2196;2380
4859;3399
2802;2403
1452;556
4679;1099
3508;4587
1331;1575
1195;3901
2296;1958
3074;3139
1411;3466
2032;3247
4639;4325
429;3991
670;1984
2227;3006
2401;3316
4678;1775
1612;4297
2878;2791
2741;4685
3685;2453
2638;4943
221;2708
1723;4716
956;4979
951;84
2329;4257
3757;3174
2526;3219
384;3034
445;2706
4207;3594
4675;4612
3453;3517
1436;3039
2583;1479
4612;3314
3181;4306
4096;2846
8;2177
2460;1797
1488;170
3288;1762
861;1505
4171;1152
2196;312
2158;3306
4778;3409
1226;1563
2947;1695
3900;1248
1431;204
4215;706
1575;1958
820;3841
1762;2195
3681;4041
3736;1823
4664;546
582;4725
2817;2239
4839;3167
3463;2097
1715;1948
2882;2229
577;191
1364;1023
3119;2869
3453;4598
1596;2350
4199;983
624;1458
859;1322
4121;3965
4751;4520
249;3868
4412;4076
4556;1696
2983;105
242;2072
1303;4595
2379;2287
2682;564
271;4458
2255;4826
1870;4270
2281;1266
1446;176
1310;857
4462;3531
3821;2656
2082;286
4348;848
4777;3927
302;3027
390;8
2196;3465
4630;369
2903;3603
1497;2614
454;4531
559;3036
796;4327
2486;1765
4368;899
1663;2656
2560;4930
375;338
3389;1763
815;3015
4405;2172
4189;35
1257;3904
3532;3119
1710;342
3571;2329
3733;3599
47;2683
1592;3382
2594;2537
2321;4183
2396;865
508;3255
3684;73
3614;4492
4551;4420
2113;398
2852;4171
101;4672
4901;2698
1859;3388
3629;633
4552;2094
1631;3146
1072;1162
3394;1387
1348;1356
2794;2254
4494;2419
2016;4920
4355;3606
4119;3103
1520;3047
3966;1860
2205;1665
3855;1939
2612;3697
1346;1277
3094;3701
206;2455
3633;855
1480;4482
2458;4419
3134;2687
2076;1025
4014;4377
3129;4009
3595;705
435;3882
3676;4661
3844;1347
4503;1528
3181;1503
1131;4426
3199;4159
3954;3915
102;2037
597;4944
2426;161
2525;1973
4976;2427
4149;1695
1581;4385
2688;2744
4813;1030
3875;935
27;4193
4628;2198
1158;2262
4311;1342
3301;4700
4027;3298
1175;1617
3831;2543
4731;3600
3598;1062
2517;667
4903;3568
1418;626
1421;794
2199;2913
4390;530
438;3124
380;1912
958;2587
1321;4072
2365;488
4244;1030
852;4767
798;3381
494;1420
2192;4227
66;1412
3958;4821
351;4274
4823;4678
160;4191
170;4475
370;1945
957;3052
2255;1186
3889;139
828;4054
767;4377
4878;864
4828;4581
4414;407
2040;1257
2463;2894
1384;3096
3025;960
2617;4652
4726;1693
3474;4659
1663;3781
3301;4607
3418;4798
2222;2225
1534;3734
1799;4633
4178;4430
155;3973
710;884
4461;4638
2466;1846
1826;3538
1965;3836
3903;3595
3826;362
1058;3525
3645;4516
1778;4358
4953;4133
2201;2862
669;2111
2262;4308
3295;1061
4103;4785
4050;157
3040;1745
4185;4438
1693;3487
3508;2020
1850;4197
727;4188
1362;3754
4063;1233
2867;1070
2933;4808
2559;4119
3705;4443
3492;4317
3827;3373
4277;325
498;943
3325;2028
1519;2217
1343;2160
3742;4026
3383;1142
2470;2145
1700;2957
29;645
4852;1677
2443;3283
2075;2286
1331;2110
2923;1163
2867;1934
743;3672
3444;4812
2505;4199
1596;3044
2272;345
4442;1206
3867;3301
3306;4130
442;3354
3950;2539
2505;3466
1013;2802
1759;2567
394;1047
3776;4130
1437;1206
3226;2365
4547;625
4105;3422
3208;2029
4300;82
4011;1187
1798;915
3138;1903
4209;1472
4468;3209
1772;1272
2057;4329
2040;3761
4836;181
4744;2465
2928;478
3288;3087
4669;2971
2671;3496
250;2473
2762;4355
3415;1308
3490;2788
955;18
54;2823
2398;3896
4468;4660
3309;2485
4954;2957
1632;4871
4683;2571
1536;4807
1519;1354
4813;602
3453;4049
157;1801
692;1776
2120;2056
2762;3467
3270;1768
2653;1598
1668;4226
2957;112
264;1484
1330;216
1725;345
2294;191
701;954
4729;1204
2062;4875
2101;2718
2342;2503
1010;1277
4033;506
622;436
2558;115
1491;353
250;643
4842;3220
4612;1075
2978;3259
966;133
819;2596
1543;3319
3126;4879
516;3185
4345;2341
1631;3069
3715;1792
3434;3757
4964;1301
694;3635
3050;4693
1105;4855
2654;866
2678;2474
4879;2158
1051;4512
2721;772
1300;4885
2512;2523
2227;2407
688;3146
1706;3928
3065;1949
918;2370
243;977
2389;2450
2999;2965
3113;2261
3538;3418
3856;4307
2369;4019
459;3937
4374;1610
1767;3148
1467;1856
3141;2327
1088;4934
3535;3383
4771;4757
4330;3807
2173;3875
3629;4167
3375;942
2019;396
3939;1908
4051;3541
3328;2673
386;2484
750;90
2730;1062
3537;2874
4033;4088
4651;4269
3817;3554
3179;2291
4705;864
2410;1093
113;4818
4779;1509
1360;2367
4294;229
4113;1429
367;3361
687;1282
110;1472
408;2970
4419;2527
1442;3620
4315;1666
3414;1309
3464;380
2203;114
3238;2600
687;4792
3554;4356
3415;290
3715;2315
3277;4442
3017;2423
814;1954
3687;3482
886;544
4154;4414
3614;82
1539;3776
792;4207
3808;3296
2048;340
2259;4423
786;4779
3982;661
130;3725
4679;4332
2598;208
4916;1987
746;54
373;3497
3557;3723
4310;3465
1435;4297
990;577
456;1430
2600;3443
463;975
2082;838
867;1703
465;2779
4065;3117
2715;1865
3390;3451
994;4652
1937;3504
1412;737
4554;1650
170;630
4370;2192
229;2560
1388;4726
611;1039
613;540
5;1555
4853;4660
4715;3927
4326;3233
1089;2107
664;1926
4663;3178
3244;1031
82;3449
195;3612
2922;2569
1403;3232
4402;2914
486;4342
3190;3810
3536;79
2709;3907
3562;858
2941;2878
2505;1599
497;1042
1564;2357
5;177
1872;607
1386;1097
412;4970
1843;1336
1969;3862
924;4717
1001;4966
2448;1672
4085;1598
941;34
3152;1552
3036;3640
3618;1935
3748;639
3806;1377
3957;2794
4306;2883
1738;1548
2194;3107
1489;4067
1895;940
4170;3122
973;1660
4447;1422
1863;1504
4201;4076
3554;2982
1767;151
2040;2598
451;1032
4115;1464
3502;2398
2252;4629
3648;3260
3025;3357
3883;2672
4340;177
158;2546
1670;799
1385;1424
2162;4039
435;4356
1910;2312
1959;962
2443;13
1707;2715
1661;1876
2853;4270
3572;2169
417;2467
4317;4946
700;3516
726;4576
1240;3853
1025;1011
3787;1297
1901;4720
717;570
1014;3565
4683;3924
736;2116
4793;3724
1499;4592
641;2289
3225;4823
815;372
4852;1929
455;2110
1681;2864
790;1549
2073;4111
2690;1603
560;3777
3938;971
2746;3563
1447;881
5000;1790
2848;1827
3004;250
2105;3622
4199;3339
3776;330
4217;4129
694;2799
2975;2935
2888;962
1390;1040
1830;3533
1122;4588
1495;4563
1508;2863
1379;2351
1427;298
4566;1710
3311;4078
1278;3406
3455;3335
3080;36
1242;3072
177;3447
1456;286
2010;432
2530;2804
4833;3595
1008;2118
1976;3281
2666;1695
3419;2217
257;729
3878;2167
752;1842
3174;4443
2859;3734
2047;3716
2438;2925
1067;128
989;1454
2716;3504
4459;1408
2399;3304
3014;1357
850;4185
987;898
3502;2413
1713;1428
4643;3284
3291;773
975;1880
122;202
3218;4308
434;1435
1120;1810
3392;2453
4336;1104
5000;796
4490;3865
1252;758
154;1642
4072;2860
1747;2614
1945;4436
334;3632
1963;512
3222;2904
4738;3585
3044;657
2414;866
866;45
4377;2211
656;3740
4262;2789
2519;864
2083;671
3177;4519
798;2455
4648;4921
3960;3929
3725;2447
4315;4044
996;1422
3921;3349
1578;4695
3557;3935
806;3653
4483;1010
4611;3677
3084;3021
1537;3955
55;1784
4154;3364
4753;2979
2256;3548
3564;4654
1581;1823
2835;3635
114;2755
3541;1014
2156;3637
471;4751
3591;3417
17;3922
2966;2133
1468;1875
2419;1545
3845;3560
2948;2599
2675;2089
369;4512
297;368
4341;3899
3401;1773
3308;3320
4063;3594
1090;2159
4632;4753
1214;1760
3990;4246
1009;1464
2022;427
4055;485
2193;2673
4739;2707
2889;2738
2722;319
3375;2271
810;3043
3707;2101
2420;322
1484;2033
2352;4594
823;3645
2195;2441
2052;1946
2234;2350
3391;1374
532;756
4838;1447
4712;2416
3745;4116
3170;4652
2622;2450
2846;3044
1709;358
582;1440
3273;4645
2261;2114
570;336
3772;240
3437;2089
3032;984
3698;4979
3327;155
3459;1294
2746;888
2052;2587
2878;2058
4410;2311
45;4297
4058;316
4410;4513
4304;546
4176;4920
578;3876
4085;642
1890;3282
2375;1260
3981;7
3492;3985
2611;1147
3098;4910
1523;2622
2507;2636
2596;1021
4427;991
4539;4715
1190;2228
2795;3100
3177;4428
1172;4396
4365;4532
1615;1109
1508;1958
1632;4659
3840;4740
662;904
4094;1075
1204;2742
4406;1724
4461;3942
132;3296
2508;1203
1061;1810
1249;3347
755;458
4732;4042
1122;2874
3204;1569
3633;3936
3832;2513
1137;1796
731;4862
2813;2976
3917;1455
4792;4587
1647;1070
3097;4551
1330;3272
4209;4707
2386;3449
4501;3420
4131;2914
3329;1404
4580;4515
3597;2311
988;3461
3284;1096
1625;154
4778;3389
4696;3188
944;1103
1091;472
749;3451
1817;1198
3050;1276
85;120
2790;1505
1173;3
4616;316
1933;2088
2579;3653
176;4645
1509;4836
3779;188
3641;1462
4224;4230
3387;454
967;1724
1695;1237
664;2975
4419;476
319;3070
4473;2867
30;4131
453;3950
656;2158
2782;3169
3570;1397
2552;1155
189;3083
871;4904
2272;3670
3082;810
1624;4348
403;3879
3887;254
1758;4550
2093;3440
3562;2813
679;4886
336;478
1283;1759
2114;1891
1887;3174
853;3824
2354;109
444;2170
1134;4329
3610;4017
1517;1250
1892;4267
262;4284
2303;3716
3383;2236
3916;993
2342;3559
4979;1594
429;529
3878;3863
2821;4495
740;1930
1209;4122
3526;4649
4066;3703
3363;287
3152;2159
1425;4397
4760;1841
4271;851
2070;3773
3930;3584
1919;4083
3499;2198
1724;4144
1464;3331
4481;883
3615;4563
3068;3002
3164;3854
3724;4897
2730;2882
4020;2060
4186;2561
1987;1175
4047;1183
1883;4106
1225;479
2431;3971
604;87
1753;2759
3028;1927
3827;4797
146;508
556;3092
3971;3605
601;2566
1285;2806
2534;4635
4977;529
4618;2942
3374;1974
3329;4474
2330;2475
1452;253
3779;641
993;4444
1186;858
112;1574
2448;2929
3550;2633
1819;2221
1465;3848
4971;3485
3967;701
2901;742
1840;1142
1539;2212
4638;4733
2377;3459
4552;410
476;1509
4748;3622
2701;3097
3314;362
1274;4057
116;205
3516;4704
2793;4304
3295;464
1391;1645
1050;3498
2785;4057
2559;2295
2697;1792
4779;2596
3729;3319
300;2300
4090;4503
3165;562
2576;63
3204;4879
2444;3159
1506;4931
4216;3857
1509;1088
1613;2864
1192;4137
4967;191
2372;3719
3986;3058
926;1518
850;182
2196;4267
1797;4529
1695;1313
4646;264
2829;4824
2791;1062
3547;2835
1948;2727
2799;4190
1112;2200
3460;233
2723;4202
1020;3766
518;4864
4868;1509
1090;470
1640;4997
3285;2804
613;1733
2309;2181
4941;1449
4412;4128
2401;1599
2229;2369
473;4783
1979;3381
1040;3776
650;2846
4841;192
776;914
3004;696
1362;2858
2821;3096
2551;3535
137;3718
2831;4593
1720;130
2500;1658
526;4838
4761;1411
150;3739
2852;4452
4855;3365
2038;908
3653;917
651;717
3769;1232
3766;1162
833;2881
3109;4470
3069;1865
1389;4777
4919;3749
127;478
4757;3791
1145;1592
1945;2488
4853;1222
3255;1392
2315;2146
2944;3704
4377;3026
2322;1486
4014;277
3858;4062
3926;334
4481;658
4516;4453
3057;2379
4176;3376
998;4506
3319;3698
2658;2694
2530;692
1706;1229
2475;222
1059;857
471;4271
232;3232
4879;2115
361;1432
361;1267
1402;1656
3533;714
3601;2972
1282;2538
3905;27
1996;3501
2961;952
4788;4500
2475;4420
2526;4645
1384;3901
2670;2006
167;3833
4624;1542
1269;4555
103;1261
2509;682
2989;1966
157;4050
3768;2990
1581;2585
100;2695
4585;3467
832;2353
4318;2862
4919;1705
4540;3273
869;3336
583;3432
443;2315
2164;2454
4106;1598
2810;8
4099;3870
4654;387
583;1028
256;780
1205;4836
2509;749
1101;468
2167;999
2990;414
564;3009
2055;3360
408;2136
1898;3022
468;3296
2530;4290
3334;544
3179;269
4536;2701
3241;2665
3976;1774
2972;1276
2146;2297
3208;8
1820;3004
4396;3437
1102;430
1250;3610
3730;2208
4359;3014
2632;4081
674;511
817;4024
86;4139
4946;2339
1754;2058
4295;3476
586;2103
1532;1284
2876;520
4625;4971
4553;3038
1593;832
2445;484
4487;248
2437;3351
1322;332
4919;4039
2392;197
1655;3514
916;968
575;4956
4958;1728
193;2078
3510;4251
4876;3371
2170;2100
73;2010
3456;2171
4538;3685
1155;4387
3423;2730
2609;777
3660;4691
275;4010
134;2432
4551;255
4531;2129
1590;2495
2341;1572
2924;789
3963;188
970;883
2202;4619
1281;4753
2270;4663
1429;1472
728;3430
3153;2041
3249;1763
1452;2801
1627;1869
2221;1565
4765;2810
1383;4051
413;2506
3798;3227
817;1295
2155;1295
258;2534
13;918
2167;43
1920;4252
2318;2246
2392;3332
3926;2466
2367;3478
4523;675
1745;638
4670;3132
2784;4168
4066;4282
1533;1322
2977;4149
1155;3982
66;773
2143;4732
3475;73
2834;3568
4152;1425
4733;1127
763;361
3608;4717
2944;1516
4579;2285
825;4564
183;2303
2671;4729
85;1947
780;1777
2390;2441
2399;3634
4890;1670
4093;2055
2665;537
3619;4610
1733;3864
4598;3802
4600;4140
174;1808
3006;69
3938;2350
3600;1782
3747;1034
4160;3773
3298;1216
3957;219
1412;635
2395;3307
1520;3783
2881;3746
2979;2768
4290;1623
2972;4370
3284;510
2100;4656
2319;998
4780;3945
3370;1995
1399;684
1398;1964
4278;1951
2317;3090
3084;2450
2904;2004
3784;1983
2609;1431
2793;136
4833;819
1069;309
813;913
648;4789
3016;208
122;2455
4837;575
4758;2398
4560;2858
3074;4347
1983;1250
3650;1851
958;595
382;750
3327;3671
369;155
4505;3888
2650;4969
1231;2948
2224;4502
2977;653
3674;71
3033;593
1416;2070
3718;3658
590;3094
207;1499
3043;4639
4578;2076
3223;4982
3548;4573
3195;1405
351;3973
996;236
1170;1916
1147;4590
4660;2792
2022;1510
2373;2739
866;3706
3440;2120
216;638
1668;4432
3329;586
2455;4291
2554;3822
3508;4460
2376;3549
2510;4612
4839;4976
4528;3003
3090;286
2287;4276
566;2451
1339;2515
2936;356
4980;1238
3762;623
3159;1626
2146;4372
1137;4620
2910;4094
4855;2059
1073;3263
1396;4428
4304;3471
2165;3472
3514;2200
4027;4637
4455;2970
2166;2418
1229;58
3461;3933
2401;1325
3276;2826
1140;1520
2214;4667
4043;3739
337;1685
2940;179
4891;1813
1845;3853
1584;4848
1110;2253
4190;4973
4528;983
534;4132
1561;1772
69;2740
2603;4095
2101;3135
4404;4336
4508;4947
1862;254
3485;435
563;2820
530;4616
3182;1545
1621;106
1232;4621
408;2637
3251;679
250;711
395;1320
4236;4496
2073;1788
896;197
1914;2847
1262;4575
4372;4130
3305;369
3895;4538
2688;4834
3240;2698
2133;860
4337;1665
829;926
652;959
2941;3770
3283;2318
828;29
689;2208
1787;1390
2968;735
2324;949
2609;2288
3966;702
3695;4453
4769;3295
2085;2629
3686;4548
4424;4874
1298;3765
259;3872
2737;669
3301;2121
2332;3839
1441;1543
2450;1011
4622;1278
1334;4443
1580;1516
4483;4989
4965;3387
1393;4349
863;4255
2239;1621
2467;799
2550;396
42;3057
961;1705
4486;2756
1048;3797
1363;2802
801;2461
129;3287
2918;3092
1198;1910
3409;3313
387;4804
583;553
2734;1534
3838;2730
4857;1994
2394;69
3342;2176
818;2296
276;1859
1269;819
2479;4251
4684;438
2376;2041
4866;2279
2222;308
3519;4474
3763;750
953;2360
3815;2903
4296;913
1834;2948
2902;1724
4819;3351
2076;169
1945;3616
1476;3565
2732;2855
1555;3120
2320;226
327;4423
2192;3728
1499;3175
3449;2783
3894;2806
4114;4712
3884;3786
933;1030
2597;3680
1379;606
762;2550
2041;4696
1520;3120
1927;2710
3173;4353
2429;3876
4995;3667
1368;2808
2637;2209
794;2918
766;2196
3467;4665
2021;724
414;2420
3638;3325
3120;3301
3843;3346
2824;192
4812;2682
2668;3487
288;840
115;3303
4293;566
3667;239
503;4648
3580;4562
78;2796
2477;256
1958;55
2701;3050
4011;1802
4264;4570
3916;340
4704;4559
510;2255
1292;3862
2322;4331
1174;4042
565;1773
2603;4207
1643;1030
4454;3449
4683;3515
3453;2205
465;1243
2822;4540
4713;3696
4097;4759
3898;2373
4679;2546
708;3326
3810;4960
2067;3802
3226;2783
260;4725
2219;1829
263;1545
4371;3581
3962;4596
1342;2899
2522;2078
1845;136
1942;1721
2907;4865
1706;1531
4769;141
2620;3565
1843;3787
362;2652
4147;3311
1121;2336
3030;2589
2918;3225
1028;3164
1011;2302
4673;4826
1003;863
315;647
4285;1410
2919;4970
4954;339
456;502
771;1502
3562;1674
789;885
509;2446
4373;2679
2956;1777
3199;2131
2304;545
4828;3605
1490;4015
1366;3601
1693;384
4902;799
4234;2680
634;3940
4124;4901
4182;1221
4620;2707
4354;2299
1021;974
1910;3677
3265;3926
1423;538
4694;150
2506;871
293;3472
1339;1181
791;3096
3716;119
767;1566
4806;2289
3492;3653
3559;2043
4094;2171
4178;1674
4959;4590
3483;2788
4504;1252
4313;4126
1750;3424
1412;1551
971;1619
609;1569
2212;2909
4603;1478
1186;4595
2283;2336
54;2063
3481;3218
423;4983
184;1959
611;4834
3886;1694
2441;2084
4696;4164
2518;4762
1381;2865
745;729
507;1994
3787;259
2572;3552
4843;2572
1322;218
2515;1356
4585;3610
2342;4133
3785;1457
3710;27
144;988
4002;4313
1181;4701
4973;2454
1901;1490
100;365
3698;1135
11;2838
961;1275
2719;2577
3311;3443
230;4619
756;1384
4822;4119
2570;1019
874;1212
3702;4862
3206;3818
2854;4752
4458;4618
4300;3252
3726;820
3867;1307
483;1522
3619;519
3359;1402
2452;3077
1642;2734
1314;3694
6;4385
4992;1224
3040;3086
2610;794
2106;2910
3959;483
2125;138
3935;2807
1455;1550
407;652
3339;1316
2096;2788
3808;3988
456;936
2716;323
3199;1371
3149;2759
56;4572
3906;4943
3715;4236
1725;3771
3591;2403
3364;4603
2380;3332
4198;4614
3107;324
3696;2287
2830;4904
548;1863
1223;1768
382;1676
3163;3611
3553;3889
2006;2669
3365;1609
4843;3300
2990;1885
380;2550
1250;1243
4610;1213
4883;3110
1839;1677
2085;504
4332;3692
439;1579
534;445
966;1696
4954;2661
506;2685
14;3414
944;4379
1988;3447
2676;4481
2181;1674
4973;1867
1193;731
4390;4615
1246;3453
2888;3973
4377;672
1654;3150
738;4147
3634;1835
1505;3508
4216;2751
2864;3189
4242;1956
1503;2176
4339;3968
757;1433
3282;2802
472;3750
2494;4621
426;3970
2780;3577
2192;1741
4616;3491
439;4552
3825;1027
2120;3565
1756;4824
3644;4043
2366;1387
2284;3707
4255;1374
1474;1572
2917;826
761;4403
3797;4972
2627;3307
4159;4012
639;1866
2939;4851
4182;22
1689;1631
4663;2359
2992;214
4431;883
4370;4001
2958;3672
2357;4781
2980;2117
2047;4113
2522;3784
3667;2302
4926;494
3593;4726
3407;4766
4359;3256
2143;2792
527;367
2747;1220
1530;4239
976;3660
2691;1349
4070;3803
3173;2767
1899;558
3714;3162
562;4631
4177;1473
2924;700
250;854
2197;2605
1680;1942
4816;1157
226;4251
2917;2966
645;4664
2399;4555
1588;1136
274;1616
1763;2838
2516;4040
4261;1741
1213;1015
42;4011
427;2417
4337;4158
3909;676
3704;4797
2697;1656
699;1535
1840;1592
4225;138
866;170
578;3164
2517;103
4656;4868
1464;1547
1777;2822
4526;3026
4556;1546
4139;4650
541;3963
2832;2089
1171;4792
978;1265
318;2644
3496;1959
2705;3629
1289;3711
2874;267
225;2414
790;4540
2412;1093
4529;4517
1452;1465
528;4247
3345;4106
1464;3096
2832;2459
2699;2426
4228;4583
4357;1114
1357;4476
4003;866
1000;2181
3825;4247
3497;1550
2446;1777
754;1906
4406;1018
1036;2526
1224;4260
4601;2379
1057;3820
4533;4595
719;4159
1085;1016
3425;4528
584;4796
4465;3774
4450;3561
4350;1814
286;48
1189;4182
3293;1620
349;3534
2598;2488
1300;4148
1421;3136
3065;3777
2515;3182
2413;850
3943;1969
1908;454
208;3495
4792;3911
2889;4004
4375;525
3588;4668
3802;480
2932;3457
1794;1229
2928;2398
2739;326
3967;4310
4460;1921
2490;4476
650;1193
3634;3031
1400;2385
319;765
986;907
4059;17
1275;4717
3634;1081
3225;3949
3360;3418
2108;2156
3465;2765
795;1497
3730;282
3876;4457
3498;987
4926;160
4126;1163
4149;671
4256;1098
284;901
1876;652
3307;1446
69;3558
4496;860
3740;2472
2025;4199
2492;3238
4923;2093
3223;4071
52;778
94;1166
2302;2434
2199;1884
1487;3462
791;2979
2095;4977
1122;4694
3050;1427
4150;4653
680;3915
3395;3739
3085;1008
2319;2304
4720;712
669;4522
268;4403
4528;4097
3337;844
2140;1464
2270;2644
1319;3565
3939;2604
2130;2844
843;4969
923;4898
3816;685
1498;4679
1071;2938
1471;1969
863;3553
4684;3492
3780;3916
3942;4177
3031;4811
430;4104
1319;4774
2044;3382
2383;71
472;4911
3218;2913
1419;2482
850;2047
1756;4284
4447;2983
1877;2445
1044;2856
3967;3038
258;3901
2551;812
1758;3777
426;4128
2850;2021
1166;1003
3981;3929
1648;1998
1345;2570
4836;2946
4569;618
2103;258
2796;2720
1059;1842
912;338
1990;2607
3226;881
3833;3097
1207;647
2057;3171
3919;3100
1072;2743
1207;4420
770;3690
4462;3659
729;3865
4547;4199
4381;1211
256;3239
4314;851
5;630
1681;1217
3499;4253
2718;4510
318;225
1504;2362
2857;4213
520;2345
3399;3926
2255;240
3316;4243
1197;4538
3074;4209
4031;3842
3956;1087
1906;2436
2690;4719
113;4652
2618;2229
2771;2594
1218;2653
889;4518
2704;4984
1827;664
2691;394
4507;4756
3603;1666
3070;675
1099;4121
4783;130
2460;4200
1254;1516
4103;3378
3193;2645
1289;2773
3383;3648
162;1846
2969;1327
4652;4397
3058;356
4951;784
4606;394
4400;3494
98;4086
4166;2901
3337;4518
4196;2845
4114;4659
1082;610
350;1068
2820;4535
1959;2413
3466;3931
812;534
1479;1736
211;569
722;4502
2999;2538
1606;3449
136;2365
3351;3448
4057;1103
901;555
3775;4763
3106;2083
4217;4115
1562;2794
1103;1760
3450;686
2497;3135
986;2518
4408;1626
1157;1836
3182;991
1380;2347
2334;3582
1198;1027
3653;824
1052;67
2238;747
3237;3565
327;1496
1341;389
807;2378
4369;2975
790;558
4439;4434
4080;4715
3956;2397
1393;2166
3576;4039
4323;967
2661;1709
873;3646
3309;4259
2409;2240
4048;4367
1793;621
3897;3663
638;2460
3356;4186
2841;1854
2153;1576
4304;3553
1294;1264
182;1342
4403;2597
1036;810
1189;753
4950;2090
286;4264
3571;777
4000;3785
2326;3396
1926;2391
1359;3668
4865;884
1172;3917
3242;4186
811;3870
3662;4474
3757;1982
3732;1088
3904;1324
1482;1729
307;4533
2142;1926
1227;4497
4290;360
4511;744
4951;4437
4074;173
1833;3504
227;1169
829;4451
1445;1547
1078;1149
870;4531
3508;3277
4063;2364
4733;1752
4207;517
1719;101
3766;1082
1650;3981
1564;3177
1131;2431
2887;285
2158;4758
1655;795
4460;3891
4474;2853
2610;1001
535;4342
2165;4915
471;2601
4709;3774
407;2863
2410;3126
1207;3377
1403;4734
1262;416
209;1461
809;1866
2383;1058
590;413
1925;3328
4398;570
3502;1284
2650;4487
2553;349
4178;3695
652;718
32;4219
4452;4479
2770;4954
4889;1339
1484;369
2440;2557
3416;2490
1867;2379
1256;439
1449;2572
2894;2421
4865;3986
1436;1695
4130;2214
4267;3740
1962;2656
13;3000
2106;1475
2818;3552
4159;3345
3649;72
781;2378
4784;2878
2477;4442
400;23
3881;111
4747;4516
3360;3012
3870;2293
146;1117
3793;697
2891;4004
1524;4328
852;4947
1794;4511
1656;3313
1154;1623
3075;2904
3427;339
3270;901
733;2989
4877;2796
3790;4785
887;1374
3127;3137
4834;328
716;833
2224;704
3418;963
4572;3935
2156;4210
4909;4002
2812;3123
4240;1115
3237;2207
182;534
4364;3770
2093;531
3841;1419
4273;3378
2016;2553
597;463
3840;2157
2972;2415
670;4246
2740;379
4318;3508
1216;562
1285;4609
3458;3687
4417;4278
720;4429
1237;3348
2366;959
4643;1302
4961;1811
1416;1275
192;4177
3753;2860
2057;4698
2807;33
2606;3797
2583;1177
2335;2715
1530;3995
1362;1674
4422;4246
3642;3169
2574;190
3909;4148
2796;3454
3694;131
3716;3383
3921;847
3762;4751
4997;1208
2351;4638
1389;981
1085;2343
4166;1947
4228;3008
2219;198
3897;144
3651;4022
4307;1186
3491;2284
2701;2465
203;4648
1250;2236
1818;1262
832;1694
600;875
3255;761
3459;679
4724;1922
1446;3695
4225;3128
1125;3136
2609;3777
1079;3130
517;2587
3630;4351
2492;1936
2899;1721
4738;1415
835;2308
1521;3046
645;96
4338;3436
2528;3286
105;3055
2429;4534
3972;1521
1186;2807
393;4164
1575;2693
1873;939
4779;824
4978;2911
3556;4937
1719;658
2031;1660
2922;2097
4573;4922
2727;960
3834;528
1473;551
3579;4361
1958;1980
711;4661
3082;972
793;3157
4068;4028
2511;3355
3576;2321
1998;2304
4992;1798
2759;2463
3594;4501
4172;3243
2291;837
1335;153
1653;4321
4255;3590
1150;862
395;1964
3449;2957
4079;406
1257;1808
4710;4460
3253;1416
789;3435
1052;4699
3853;3026
4506;1722
3270;1979
2080;710
4888;618
2987;2815
1399;331
2431;3023
507;488
2142;1396
1162;2942
4494;2347
3758;2205
1460;4206
4923;1738
3527;3196
1816;1505
4972;4464
2415;4266
4762;4304
2444;773
3270;1460
4225;2586
3035;2761
3080;3195
3624;3530
833;4079
170;2759
3719;4898
4070;896
1503;1601
1618;1031
1008;594
3585;1113
3567;1642
61;2357
2230;4552
1690;1102
3901;429
4986;4746
4099;4931
2106;1001
642;4129
3451;144
2532;773
1320;1327
4438;582
3533;2789
833;2209
4163;1174
4786;1236
3194;3565
4941;661
4763;1434
3246;3197
3538;4964
683;2105
2491;3284
1580;2585
1715;2525
4194;2677
3741;3409
4124;1597
4929;4840
2926;2177
1675;3705
4916;2956
3308;512
924;2262
2272;4443
1406;1679
608;1652
3279;2384
1305;1132
2769;316
2988;4784
948;2760
3101;1563
2135;103
2342;1271
3341;4924
3190;760
3277;1676
1918;614
2366;1663
3203;2841
3553;300
3215;1234
2846;4377
2640;9
1146;1748
4385;4603
473;2161
3341;154
908;1289
1635;4830
4737;3164
3806;822
4348;4423
1347;2052
484;6
1687;3508
564;4311
1919;4260
3042;2321
4087;3526
1154;2055
543;3398
3071;695
1511;1932
3432;2266
1425;2854
3570;2581
2592;2244
2458;2564
3159;4711
2711;1953
2930;924
3711;1975
4258;1346
2415;771
2676;1884
4430;4346
2064;2258
3851;1542
3712;1468
2937;4246
1529;3218
2276;1523
3525;1681
1472;3996
1600;1119
4882;373
4156;610
4352;1756
3184;4106
1586;4290
814;307
4489;1850
3945;2882
4922;934
1026;3593
2578;4741
1395;264
1458;685
1425;2535
4477;330
2031;2382
3422;1031
545;2564
3612;4506
503;1095
440;2128
2221;2481
1414;109
4025;3517
2574;2841
460;1832
124;4740
3543;741
2079;2800
2894;3387
3474;4082
4374;4122
2537;2276
1166;4700
2076;651
309;3741
311;2920
2867;3991
1543;4158
1414;4897
4473;3662
884;1846
2647;903
2003;4743
2644;2323
2257;1437
4060;857
1539;2416
1398;4727
4918;1283
4475;2380
2426;2288
1172;4364
1911;761
2156;721
4934;1177
1842;1908
3960;4865
1208;2746
750;1647
1389;121
2492;939
119;1540
2870;4733
1327;960
1467;1370
4371;832
840;1730
3821;2917
2638;2487
1163;390
1559;873
1651;2892
91;1131
544;4828
2143;1049
3469;3158
1175;1640
3510;4481
2577;871
2990;199
2183;2244
3849;3286
2142;2749
2067;3476
3398;1078
1791;4820
4847;2798
3807;3418
4350;3329
3756;3941
364;3702
3147;4187
1412;2222
3751;2684
3178;3893
3579;2997
1078;2854
3199;342
3962;2655
4922;4067
3539;4092
2273;3910
3382;2001
3336;1466
2420;29
2000;1295
4850;2454
979;1432
2781;3729
2710;992
3933;1068
4004;932
742;2251
610;3117
3408;1319
3784;535
4350;3174
533;2995
4209;705
2575;879
1533;4123
4166;4707
3739;3186
1002;3279
2264;3015
4290;3278
4281;4807
1076;1286
3282;3026
1851;425
502;2114
4627;1231
4995;2494
3877;33
1273;4241
3358;1053
1407;1261
1574;788
2298;749
2923;2963
190;1176
4120;4632
2282;3597
4698;1740
1259;4748
4963;970
1621;2852
185;1696
3451;2183
3676;2790
3857;1990
4205;1622
180;3290
2660;2129
1370;4898
4303;3256
1171;1988
4237;3544
3049;2944
51;55
3627;2400
4944;529
2929;1721
2146;4351
2447;1772
57;1031
16;3318
2505;2150
354;1690
2657;4491
803;1236
2751;1151
37;346
2779;4096
2192;1308
4782;3765
1667;4820
3440;4144
3820;3220
3334;3186
399;3629
1589;3702
19;3511
1709;1810
4726;1013
3290;3993
2893;2149
3104;2554
2776;699
3669;3151
4246;1041
1193;4860
4927;3132
3426;3304
351;4103
4897;3445
2352;1396
4971;1125
4783;4720
3514;4082
2330;2319
2462;4295
820;2738
4619;1971
2470;493
1303;2535
1120;4323
3423;4478
2162;4192
3902;3140
3682;4310
3499;1315
910;3427
4721;2180
4313;1891
52;1433
4373;1615
3938;3791
2085;1766
3160;2190
233;3599
241;1227
525;4101
4642;2586
2264;4018
4571;4605
3516;2906
3500;3611
2182;1226
2859;1493
1137;3705
1078;5
169;3290
2035;2791
1946;2589
3384;3976
1151;3762
4888;2549
4416;26
4236;2675
207;1231
537;1665
1528;4022
4151;2467
1714;2883
3599;1627
3747;3517
1153;4307
3085;3558
1311;715
1861;4095
931;755
215;3029
4187;1349
2429;4390
4994;1444
2981;493
1983;3487
4814;2789
1777;23
426;1513
3035;264
32;293
1840;1898
1471;3889
1249;3275
2918;1642
4608;3300
3262;191
1305;1193
318;3066
294;3485
531;942
3864;1627
4317;1276
1965;3109
556;3693
3828;2398
721;4545
3884;3078
4597;4449
946;4664
4279;2994
3579;4422
2909;4219
3319;1549
3393;1441
1294;975
1691;4634
592;2213
3275;4428
1753;2935
1588;2898
4893;2519
2814;4272
4401;573
3599;2539
3803;4745
1614;4262
4553;3653
4496;2704
905;4977
4957;359
4119;3361
127;4975
726;3137
650;1005
1817;4781
1198;2943
1090;1803
3024;894
4068;4222
2406;1032
2208;1237
539;837
3970;1939
2018;292
3027;4313
4742;2054
2044;2048
270;160
1657;1243
4570;4515
3658;2679
1187;1414
2906;295
1216;193
4309;667
3686;1807
2226;1902
53;3333
188;1323
4065;2121
1619;4860
2351;1088
2688;86
3255;1615
4297;4511
767;4157
1789;4105
3419;3111
1148;4103
3838;3249
4483;3039
4776;4192
3288;1736
977;3516
673;4634
4761;2260
1279;1576
692;292
197;1859
2861;2429
2766;4246
1011;756
923;4664
758;3483
1624;2580
2365;2376
4071;647
3626;3397
2876;152
4393;253
4183;176
4696;2148
3953;1258
4414;1700
2432;2770
1441;793
4079;2267
1550;2698
3163;2778
3009;2065
4839;514
1733;2062
4861;3661
4735;3955
1209;3170
75;437
2959;1413
1871;4027
3622;4732
3348;2486
3159;3932
871;3439
2835;3091
1549;1873
185;4377
2851;918
675;316
3777;4904
3142;2806
84;3157
937;602
4934;4935
4911;1658
2630;4384
992;4039
945;906
4234;1853
3476;4077
901;1124
1522;4608
427;2579
1778;3064
3082;4204
671;2549
1885;4045
79;4489
1819;3245
1451;4521
804;3759
2599;2386
3179;4623
2709;2231
2791;3122
2975;1831
2105;2849
1777;2606
1280;2384
1034;924
4765;1397
3360;1627
2934;3268
4485;1073
421;63
1116;811
1449;4790
2625;3318
3399;2522
4638;4686
3430;4101
415;4677
1920;4009
846;3883
1270;361
2550;4757
1871;295
4;4692
4192;978
3367;4101
4796;376
2866;2205
4886;735
4711;2021
654;1548
1661;388
405;608
112;2883
2150;1798
3928;3707
2251;4330
4887;1095
3678;673
4411;1159
1810;1982
3024;1274
4172;1049
1521;4824
3576;1175
2955;1330
4417;481
1076;1283
4810;2609
582;2444
622;2048
1325;534
1586;3057
4165;1183
2281;862
4477;3240
2373;75
1927;240
3644;3677
1222;3444
1585;3980
4487;509
4327;255
983;84
1767;3901
486;3518
870;1415
1877;1946
4341;936
8;4416
2279;4943
619;1882
88;2728
1659;2028
3857;1777
3870;2436
1775;4991
407;3691
4866;1144
3731;1208
2615;1802
4563;3868
1822;4571
1403;589
470;2679
1478;1775
463;4931
4221;2706
3971;778
2849;4493
696;2968
2560;1704
2987;2713
1724;3314
56;4950
4344;1712
2096;1837
4569;2296
2491;1383
1137;108
1999;3003
3011;4264
507;2962
1063;1942
36;3112
1114;744
4974;1167
25;2622
2232;2996
288;3560
3142;2191
3968;2235
542;2429
213;2081
1660;4112
1165;1090
221;1316
360;1351
2648;3484
4762;2369
3482;1358
2991;2590
2115;3770
2064;3971
1878;3729
4734;3793
1279;4288
3303;2930
1065;4582
96;4419
2570;4588
3864;1995
2876;1409
1525;4404
3381;438
211;4250
879;4569
1880;3972
1849;3843
988;2876
1836;4524
1417;1991
222;754
1042;4405
1740;1570
2649;1857
2608;1407
2337;97
1342;1136
2697;126
142;4454
2014;1274
2356;3915
3976;4402
2890;2309
4055;745
1750;1404
346;3192
4011;1380
2309;3661
2798;3628
2070;1731
2992;2116
3854;2421
2824;2109
4193;3994
998;32
2925;1485
3791;2363
4212;2401
2635;132
1904;4205
3180;1489
1129;2925
4660;3421
2098;26
3810;2634
4258;4606
3462;398
3285;1682
2538;4383
1392;3700
4333;2730
2284;3231
3996;4374
2193;3938
1839;511
1998;1040
1795;2689
3904;650
1844;3787
3705;1095
875;1799
2757;2714
1968;3260
1543;2220
902;1140
676;2582
3534;1355
4455;1090
1903;584
3133;864
4314;1063
2057;1131
4558;3384
277;3195
2588;1230
2172;3668
3808;356
4689;3385
4351;3225
4016;937
719;3381
363;3067
1684;150
2266;1816
3757;2493
3795;4351
1608;1010
3497;2389
1912;2116
4265;3194
951;3527
2720;4686
3327;3244
1692;2492
4038;514
4008;3237
4369;4613
1649;105
1242;977
443;273
297;2152
3428;3331
2696;3369
4870;1695
4969;2276
3228;2525
2717;4674
4190;2170
3241;799
858;2885
1727;237
1176;3965
994;533
4543;4610
3738;509
4049;372
3948;1854
4702;2931
3670;2138
298;837
2699;1792
3806;744
80;2068
2478;1156
2639;3440
672;2830
72;4576
4967;3338
3688;3719
3804;1894
4453;2416
1921;1010
1008;3815
4650;2914
2420;4485
2910;2450
4114;2815
2863;3528
1334;3698
3971;4635
3072;1356
1946;4443
3374;4981
3054;2889
1680;3317
4881;104
2115;4553
108;2005
3832;4868
601;1112
3328;2933
3285;948
460;1406
3417;1109
559;332
3990;4490
748;4194
3762;2133
2267;4347
4777;1400
2527;4727
4848;3666
3577;1145
311;39
3025;1147
1119;1867
1951;2551
2883;3467
2399;2226
582;1710
2307;2703
222;2432
3714;746
4401;1034
3403;4210
4579;844
4295;4292
3342;1715
3514;4981
3314;4589
4624;2775
1941;4467
4712;3137
2485;799
2201;3222
2504;4988
1294;3696
1160;940
4046;3639
2291;446
4146;1930
439;2318
2753;3985
3503;1534
4101;4591
2427;3867
2289;3552
1916;1583
3584;1409
634;3331
930;313
1298;466
2081;538
4541;4196
35;4019
1936;2273
2252;2879
2319;1984
3559;1095
2906;1996
4711;1446
1923;761
4491;643
3940;2709
780;3192
2065;1983
632;2083
3988;973
3768;1986
782;4024
3376;1239
4857;4457
563;2632
591;2002
4441;2917
4507;1997
1592;2133
473;3766
1697;4263
893;2596
3440;605
1151;4144
1520;4459
3442;1082
4677;510
1418;827
1355;2549
529;4418
1688;4148
4484;1475
2396;1438
2570;3895
2562;554
4586;2926
3557;2367
1579;4692
3319;4246
333;4611
4165;410
4308;545
2043;4486
2540;4525
4036;2783
2319;2492
2698;4964
514;2378
866;3027
3614;1947
1693;103
2044;771
1095;339
1664;4580
1472;386
3562;1524
1681;4624
3957;2734
1697;377
