196;585
635;75
281;2157
1336;1706
1113;1390
947;1938
1439;3720
1908;1180
1875;4084
129;2166
1560;4320
413;4768
17;1441
1583;3433
1821;59
1025;421
1405;4169
1097;2787
950;2453
1851;829
385;40
966;4480
724;3505
778;3492
899;2706
933;1257
1536;3098
1681;2350
1401;3262
156;4343
1124;4858
463;1809
927;3841
938;3609
69;2933
892;297
164;3791
1414;656
137;3335
707;1682
1842;240
942;3793
73;4786
959;4181
1327;1071
388;156
1939;231
59;2620
723;4644
51;1438
1576;1444
495;1138
356;1762
423;979
1309;392
702;4710
1958;1732
1519;1182
1461;2291
1029;4093
419;513
990;1515
1794;1507
1298;50
1435;300
1740;3556
452;2749
1905;3972
896;1046
252;832
508;1201
945;3245
371;751
1373;2437
715;1533
315;982
1515;2550
1740;652
1541;1952
276;970
760;2896
589;4064
92;720
444;4953
117;1394
1164;3904
11;3813
1666;594
447;4073
436;2610
954;3632
1757;4744
38;3147
1352;4823
727;4952
575;2862
1828;2570
342;2324
1683;524
390;1705
1127;4910
1298;627
1481;4997
17;3645
174;1369
1733;1230
777;2095
1689;2214
376;2965
1356;4744
971;1204
140;4753
1577;2198
1777;1393
1579;805
1852;4259
187;731
543;1612
1339;2425
951;3802
531;4894
1259;742
1635;6
713;3103
255;2041
1974;3033
1341;900
149;3157
1125;2084
577;1462
673;881
1641;991
1081;4720
418;1092
141;1857
94;2923
1869;4173
1859;4944
1208;2209
572;935
1111;4484
1988;2642
1727;920
1894;3011
146;4647
1212;3295
1774;2924
153;4557
1494;4149
1942;351
1954;4336
622;4258
281;690
1094;2422
779;2500
1028;3986
471;3153
622;302
215;2013
1653;3613
1246;4107
808;1662
984;4148
234;2835
1386;2389
1511;1169
1729;3367
132;3385
1980;2572
1123;4991
611;814
734;1220
324;4353
1415;4950
464;988
1564;4556
340;1172
1024;3782
1070;4003
64;4860
1370;3599
774;4257
676;2110
1524;4151
1674;4281
576;1132
1319;408
113;3226
1497;2516
94;1177
1080;2903
503;1672
1022;2729
1928;2755
840;1354
26;1761
1080;2409
506;2692
1642;566
1868;4604
939;1300
427;4427
1248;53
229;3158
29;4895
451;2660
993;3248
956;2964
943;1528
1871;1004
518;1675
1584;2701
1554;3612
485;359
480;2764
1284;2935
594;4818
1873;1998
1844;1222
1663;2670
1548;1244
217;598
828;137
1896;4545
187;870
1363;3711
1118;4232
156;809
1603;1849
1364;385
1433;3947
1818;3416
1080;1421
205;2944
1034;273
1390;2855
1644;3511
938;2156
282;1493
1657;1577
1643;4297
946;2254
1822;4273
1991;4126
191;1297
550;3576
498;2765
311;2333
830;2778
685;1782
598;641
1652;181
246;526
1849;3894
1503;2236
810;4205
1382;277
1070;2644
1351;217
1042;1533
805;357
77;1860
812;3456
1281;3926
648;328
420;1878
1544;23
832;2431
1994;2683
1751;212
456;1470
1036;3501
1033;1892
1970;3963
1345;836
1845;3698
1833;1341
478;1717
18;3037
1792;1329
79;4968
241;3891
1483;2566
334;4638
619;1633
883;1783
307;4672
5;2393
156;1526
1538;1805
1731;2449
387;4004
940;159
667;2623
1645;3491
336;2503
1791;1741
570;4204
6;1054
1451;23
1311;4968
797;3993
793;878
245;1610
616;552
1198;1706
105;1104
988;4494
1438;1009
1807;482
483;3955
1700;1176
1943;4522
1303;3369
56;4099
247;935
1101;911
238;376
1598;4871
22;614
962;4020
1784;2588
1102;4769
1172;1806
668;1060
1190;1069
1955;2905
1846;2781
565;707
1680;4539
1306;3323
425;4784
1232;3001
1012;1054
1729;4370
213;3542
797;344
1414;195
1776;520
543;3108
370;144
108;3463
1495;346
785;391
1930;901
163;1905
1530;549
209;4982
1533;4785
1868;1174
891;2214
1182;140
1159;991
1361;528
969;1724
1660;2041
1058;441
1731;3485
1920;1
1452;660
931;3604
310;4138
1985;4988
1213;1881
800;4498
366;4343
859;3552
1654;1701
891;165
1934;3285
690;232
914;4650
398;1167
981;2139
808;1494
580;4758
1455;4897
647;2823
776;426
1319;3706
1162;4758
757;1069
857;3031
1590;2007
1016;4499
349;298
1490;3562
1397;327
1582;3262
407;4047
1874;2540
1577;4307
758;3135
548;899
241;2410
1554;2497
465;2250
1857;2195
930;1983
1061;3258
1116;2739
606;3971
1834;2089
1786;2744
1700;4078
59;884
338;1132
1400;2324
1840;3628
108;1093
320;442
959;46
641;2413
921;2342
1322;609
1128;2018
1703;432
1362;716
1480;1233
1209;796
120;2063
1366;4822
308;2731
1427;4153
1820;3333
16;4361
1930;155
1469;3832
85;4128
1518;3338
1847;174
711;147
598;4617
1808;4389
850;3645
126;4531
859;1454
1007;1960
152;2449
339;3404
311;540
1433;3323
343;514
789;2961
29;4408
1406;2666
1269;187
1464;742
1301;3507
1544;4735
410;1393
1201;1096
958;1960
788;768
1870;2240
988;2894
1797;4560
1866;702
560;991
1262;4101
920;3081
409;1891
672;592
658;4070
1369;1181
451;815
39;3155
181;667
862;3451
1518;519
476;3085
1276;579
2;409
1041;2760
685;3761
753;2422
792;2481
290;105
838;3955
45;3512
793;2267
570;4453
409;1400
764;2392
788;646
883;4733
1364;2183
1028;494
275;3503
781;2740
1300;887
1516;2533
1640;2135
625;2361
1622;2654
741;1494
368;1637
1975;3666
356;4580
1481;324
1106;2802
1320;4607
1691;135
867;3693
1954;4337
880;4296
841;1507
1075;4419
1801;3448
682;3112
1325;1060
98;428
72;4086
648;1107
260;4314
566;4363
709;3397
1894;2457
1748;3132
1093;4182
748;3179
976;4937
971;4020
1096;4376
321;4395
1291;4648
71;2732
578;3650
1439;4024
353;2499
1414;2581
836;1189
1392;4820
170;157
336;145
553;4859
1111;4755
430;4460
1961;3277
262;953
1335;4203
722;532
1181;2599
632;1355
1935;163
515;75
1403;3900
559;204
225;3061
93;2570
139;110
1516;3451
614;2935
196;3391
54;2765
1148;889
442;3044
562;4042
549;4150
1571;1536
1332;205
89;1013
1480;2524
337;4465
1928;2394
1857;994
1104;4116
552;3452
326;422
702;1422
853;1799
1099;46
1078;1718
1583;1601
15;1622
440;923
86;528
1440;875
1935;4625
1974;1626
1247;69
1784;1592
1809;2594
1405;60
1180;3442
1719;846
684;2704
1100;4352
891;1344
1625;1223
743;2186
899;917
1706;873
217;2045
1479;479
1357;4871
1328;994
200;3834
846;2503
1868;1115
358;1427
240;4995
1980;3006
655;732
120;3043
1467;945
591;3135
93;3530
1135;4036
1225;2166
609;1658
1326;3855
92;2427
1305;3933
187;4515
655;3036
1657;1703
354;1681
652;2620
660;3055
1963;2633
700;2264
1494;4072
1527;2321
1122;550
304;2576
992;3216
551;640
611;3663
1052;3283
568;210
282;1757
1872;4183
1118;1630
1463;1034
279;3062
958;307
1608;3579
830;4095
1943;3336
598;3374
201;1748
833;874
408;634
1483;721
1021;1896
857;4255
1938;3669
1163;1047
439;1920
1406;4500
1818;1309
1357;329
1036;3624
801;3990
197;1043
1050;2583
447;3726
256;3210
1853;3524
1205;1029
294;1839
1433;1598
360;1551
1438;1435
940;4420
1078;3219
1602;3102
1497;715
271;4910
1808;3413
126;4270
898;54
1231;1562
673;3848
297;4220
551;3114
1331;673
1560;4651
710;515
722;1131
1845;4225
52;3533
846;4437
179;2927
913;2158
1821;3079
1434;2144
1867;4151
1274;755
164;3641
481;3787
943;1292
1841;4889
761;481
1447;3936
1534;2254
844;3098
256;104
536;2934
1043;1553
753;738
1759;1951
558;25
1364;4417
1709;2688
850;2861
1350;386
831;348
664;3346
194;2993
1206;4397
1264;2942
1975;2901
1348;3112
297;3778
942;4001
1645;107
863;4428
1547;449
853;1258
1947;3064
266;3389
931;210
63;233
1638;711
26;123
1669;4618
543;2040
1496;4038
87;434
1273;655
315;183
1383;2249
72;2527
935;4060
231;633
1560;347
741;896
1206;3422
265;743
1481;890
811;1022
444;3402
1626;3792
1762;3890
1713;4834
1003;1688
1564;2203
1575;106
1396;3080
621;550
198;3738
155;4196
768;2038
984;91
1210;1212
1660;473
861;3244
1935;1566
756;2522
1096;254
1316;1155
289;379
1432;4046
1518;1023
1293;4911
736;4599
640;1699
1243;3903
382;1637
783;1132
1201;196
273;2168
1622;4934
222;2884
551;2325
1670;4779
1218;3498
80;1539
1371;1263
77;179
43;1032
526;1806
996;253
121;1832
532;4875
1699;4241
1437;165
1917;3236
1052;2016
1933;18
368;1754
1375;1403
343;2418
339;2234
1923;660
1551;4030
1123;826
1220;4632
639;4441
1744;1857
461;4476
283;4836
395;2184
1565;3935
993;379
1120;462
688;3509
1696;4792
1594;2106
924;2716
1093;4988
1557;3741
584;2234
911;3337
1248;3291
599;2797
1076;2893
1417;1989
201;606
445;950
545;3065
134;2475
1482;4121
1592;3779
1226;2578
459;2365
723;2624
901;3629
422;3947
1428;1915
1182;4511
583;1854
325;4502
1188;4370
1007;2760
1910;836
1445;2458
499;1020
593;3644
1366;4796
225;1863
1213;622
869;2265
1453;4597
1956;2589
1209;4034
1860;4171
874;3052
574;2784
1763;1178
1365;3631
1316;3454
1440;2469
1790;3704
106;336
542;318
1679;3191
1969;2932
173;2611
23;2572
1202;4905
182;3970
129;1394
1810;676
1978;2512
262;3085
604;556
1894;408
1658;726
502;1709
727;355
1740;2297
154;2179
905;1675
241;2057
233;1944
250;4951
633;2549
645;3039
762;2704
1858;1944
1639;3168
1201;2908
630;3481
1992;760
933;738
154;2439
549;599
1071;4018
466;2110
18;3376
399;4000
636;1281
85;3083
246;3397
8;4250
77;5
1549;2849
1159;1783
135;3077
466;4192
53;1945
1458;2597
1405;1443
78;664
240;3308
160;3408
1398;368
717;4131
175;2304
324;3869
610;997
415;3475
1231;2833
384;4689
521;1653
615;2922
379;2877
1449;3798
1466;838
428;3021
1832;4092
1412;2749
546;1446
1049;2611
1522;1307
1206;2659
289;2640
1939;4181
375;4044
1053;230
1280;2160
860;1316
855;3409
1060;653
484;3022
352;3133
1740;3971
982;437
1477;4846
1760;1890
611;1483
522;4462
1297;1317
387;1179
5;3564
1998;2800
1152;1481
1879;3393
1722;1684
1717;4110
682;3895
434;1368
229;4082
915;3641
11;3831
1925;383
659;460
1587;147
297;52
1534;2945
1348;569
1072;2263
8;3866
1986;13
1395;48
1715;1134
629;4461
986;3606
207;3127
469;2344
34;747
942;1943
497;3038
1771;1449
234;1189
574;4562
710;2267
1531;3647
718;4370
507;1065
1339;990
592;4400
1113;4267
1426;3427
100;3306
491;4038
1370;469
1904;3041
1442;2126
875;654
209;4832
1491;4906
355;4837
406;1826
1031;2292
1150;2651
941;3076
1507;1978
1022;4832
1647;4301
725;1258
1790;3405
1661;3830
979;4959
172;4684
1509;288
1360;2281
433;3834
1375;4364
879;1214
1446;4613
1383;4281
388;1890
1613;2020
1209;3094
1399;1772
168;3999
1514;2007
234;1065
781;977
1600;2655
1462;2803
731;4469
1092;4373
567;2778
655;443
1090;4428
1810;1051
1541;970
431;2452
378;4842
1658;645
658;4859
1521;2975
1984;244
1745;3559
1753;3906
81;266
1149;400
75;4907
1309;3791
343;2062
1593;4394
1543;838
808;2745
227;653
950;3157
5;2177
1441;4417
760;692
1242;712
1507;1541
643;3162
644;4045
1100;589
279;1362
434;3837
1824;2215
959;154
1582;1486
24;4474
386;3151
944;1844
1999;1264
1654;1442
1641;487
1658;1528
272;2318
1142;2949
737;4498
604;495
269;4397
1104;3003
631;332
1447;3788
183;2988
1320;4182
1786;306
1848;3876
551;3623
1204;3828
414;3315
67;4897
192;4034
1860;4527
626;659
1087;3962
1648;1589
1688;975
323;3820
1442;2240
238;4682
3;1598
1176;998
496;4827
1304;2988
1639;4534
1539;451
371;4613
743;2764
19;3829
1634;4926
1260;1654
438;4623
634;2968
857;2743
1330;762
651;2433
1426;4094
1548;2317
944;1312
1;3290
1026;2518
67;3175
1410;4494
99;4709
325;2397
517;2750
991;4495
451;1475
1344;669
969;4515
1375;1347
1708;821
1868;2618
514;4246
342;4424
1865;851
823;3678
9;2458
841;1821
503;3377
1847;3323
1836;2321
1183;2106
665;3605
1052;3170
542;3589
1592;1171
456;331
1408;2638
679;4352
813;3168
974;1565
756;1787
716;3652
1007;771
1649;1774
890;2184
335;4255
1645;1240
598;3142
1695;2910
986;1137
1624;1027
75;4536
795;74
18;2473
1323;2906
1631;3090
1694;4433
1250;1175
818;862
51;4591
1871;2978
1313;1282
971;4222
1685;71
793;1609
1611;4746
616;3763
1259;2290
330;2239
249;404
1561;3787
1746;2035
524;3952
763;3201
1623;385
419;390
191;4065
1001;2936
412;2386
653;4418
318;1206
3;3098
1088;2722
1581;4912
737;3773
1211;1587
1809;4188
206;1145
1025;3372
868;1347
1084;4841
1040;3794
1114;4103
939;236
1752;4512
893;3446
1574;4800
398;665
815;175
880;3374
39;2585
1236;795
823;4151
250;1492
744;2345
18;357
1054;382
1143;2671
642;2984
345;384
1185;264
1838;3833
69;2581
57;2391
697;764
623;489
431;787
1525;3823
1702;3822
849;4658
1868;3086
1877;2797
1449;2248
282;325
384;2774
497;1439
1187;3627
338;3863
393;2775
1641;3379
635;4935
1293;3098
1160;633
523;2174
1768;1885
75;4929
107;1312
1697;3733
127;3202
1709;2683
440;3649
1102;2018
391;1345
31;618
1088;2574
1589;3584
1410;2378
1755;4259
1394;454
295;2746
436;4002
479;1476
1557;2179
694;428
759;1970
1746;479
269;4833
675;974
1466;1359
725;2157
1529;4080
486;2495
552;462
632;433
1102;601
899;2520
1094;1252
466;546
1588;1217
421;2020
704;1674
1163;1445
1565;535
912;2087
986;1243
1766;4710
793;238
1447;3826
220;2677
1685;3669
1925;4377
765;3248
975;3565
1668;2648
1707;272
1145;4219
887;3278
554;2500
1136;888
1067;3752
1311;1641
1417;4863
541;777
485;200
1074;2066
1183;3799
54;3977
1062;1139
1032;3159
322;4742
442;3440
219;3986
1672;4017
1708;1932
1775;2883
324;3665
458;4709
233;1748
1887;3145
888;2842
151;4667
1281;618
1103;1425
83;1548
1815;2984
645;2426
213;3003
460;4228
739;839
987;1590
1137;1311
175;3513
1977;2546
432;4224
273;3446
1594;1260
739;2946
1391;1073
986;4512
1613;3664
1343;151
203;2122
207;374
524;3479
955;3842
701;4069
612;4697
792;3657
827;637
1278;3074
350;2379
1570;2937
256;4242
1563;1456
790;2732
1306;194
983;4376
1295;3266
1254;2024
1278;592
254;4709
481;4900
203;1240
1405;2824
1249;1287
445;3183
846;1178
179;3017
118;4194
1856;4583
1651;3223
1061;2057
1320;1414
321;492
701;429
178;4423
1506;148
656;4736
1397;4749
675;2794
643;2061
1403;733
1446;2544
1562;3993
1621;189
1712;1989
1628;1700
1395;3064
37;1498
1161;825
1288;1
1642;3524
398;332
1628;1537
45;581
1070;3083
1442;4220
786;386
1665;1584
1009;393
1811;4790
1334;1110
580;3395
1821;4611
1787;2775
547;863
23;3031
1427;823
1307;2329
1245;2764
1234;1577
1240;636
988;1156
1769;2474
1721;1754
1337;3470
1363;4184
1061;2475
1040;3994
1218;362
68;4747
1441;3967
1056;620
1002;3317
1173;3546
178;2559
159;4002
391;4511
1404;1838
1443;184
1415;789
1261;887
452;1607
739;1890
1089;575
213;942
1099;1703
406;2448
554;3622
1924;1759
1375;165
1295;3940
1006;3482
660;571
1474;4238
190;1749
1000;1644
1774;1406
631;794
1101;2627
1232;2545
1549;3619
1695;1161
988;4755
1577;3578
214;342
1609;579
1035;979
1820;940
1492;1163
514;3777
1058;2630
61;3433
518;4576
704;4407
1139;2610
1273;2578
465;1997
1142;2305
1081;2663
955;3657
729;1391
1757;3830
787;1001
1381;3534
13;4815
247;1761
1137;2711
390;2362
160;419
604;2478
1480;1607
1189;2551
1069;698
1071;4419
313;3458
156;4591
1540;47
1768;3048
261;1762
83;595
1406;917
681;3815
932;3480
854;2671
769;4117
1263;844
1760;3411
8;4483
711;52
1335;330
1411;2128
169;611
307;3956
1529;3887
863;3641
805;4565
1284;4413
1981;3323
1739;219
279;2571
187;703
492;4584
1;3033
679;1474
363;786
1880;4840
1583;3547
375;389
650;2958
744;2962
1072;1826
1787;1934
70;483
347;4867
1020;4193
320;177
408;4743
854;1460
1983;3887
952;3637
990;3709
626;3167
1890;4665
1422;2971
529;3771
802;1289
1817;3503
1506;4176
1366;4237
1884;2661
1779;4834
338;4451
1952;30
1538;351
624;4977
250;4043
1926;4401
1336;4383
621;1695
100;3717
618;4681
661;2721
1844;42
1550;3689
330;397
484;3992
1934;1932
271;1136
238;4266
235;4691
1347;3086
545;4651
1248;2899
1495;4848
670;2300
218;240
675;230
716;2382
1101;4186
1493;4731
55;2988
1694;2653
1697;2820
1516;3697
1961;3753
1014;909
1464;4962
1232;2251
156;3387
184;1650
907;2781
1477;3338
1925;899
676;113
106;2236
1772;4359
1937;23
596;2386
943;4562
1798;4253
1466;3076
195;1862
1545;4508
7;4401
1338;3882
1954;1042
1557;263
345;2938
1429;2803
1442;3901
1324;1241
558;3362
55;3194
1679;316
590;1143
48;4520
1124;4798
225;278
795;4965
1737;360
1358;919
702;1881
1574;4884
933;4029
460;2373
976;3321
543;1185
635;2206
1546;2554
717;390
1970;653
1274;1746
1706;4141
1554;2188
428;1106
1340;2030
1019;4244
1546;4061
16;1984
1870;2601
880;1043
183;2972
250;2172
273;1964
977;1212
641;1811
210;2475
1445;4647
759;3675
508;369
1044;1416
656;4892
1745;1497
699;1957
1417;4289
1177;1583
1515;4941
780;915
1000;1619
102;260
722;12
1414;2482
1598;4475
354;4348
979;3008
1164;2776
2;287
1326;3945
1954;2901
1345;2858
1166;4100
1143;1779
526;4576
1173;2111
799;1437
1990;2200
1336;2227
1910;2437
966;188
502;319
588;3469
1228;984
796;198
1664;4641
1434;951
1513;403
882;481
1200;2807
1790;4522
336;1856
474;223
1916;1315
1933;3244
1785;2282
1063;1004
1971;1311
1710;2800
1906;3623
430;3910
1531;3822
1715;97
1955;3024
1784;1448
795;4037
1270;3110
1678;4224
1049;445
845;497
556;252
1351;1633
1925;3359
1296;1295
743;4841
1784;4816
793;1648
1214;661
449;1438
16;2379
73;1151
271;527
1392;2111
927;498
1121;633
1603;2933
556;1929
1457;2552
257;919
343;399
734;4220
695;2616
32;3289
299;2598
1780;2404
1514;1793
302;2069
1737;3959
1421;1428
1995;2611
233;2562
1753;3048
965;3129
1358;2982
806;1768
1183;847
1758;1036
1605;2446
1931;554
544;1276
722;1445
610;4690
752;2192
1945;3581
1834;3781
863;1583
251;3441
469;2439
873;4571
591;191
1732;599
968;2894
1288;549
477;533
1282;4190
757;3480
1532;2720
1689;3039
808;2210
1163;2141
695;4394
1451;959
739;3103
1411;813
1799;2526
855;4204
1988;898
803;765
575;2871
152;2348
1263;1161
1670;2073
87;784
1228;781
334;2700
54;1825
33;684
1490;245
333;1189
1601;1925
71;3504
1879;1243
692;2131
625;3592
1019;2646
226;1044
812;1832
813;1936
260;274
1679;2276
1048;1316
546;197
214;1949
405;3347
115;4338
297;4515
1198;3941
1300;2163
505;1934
74;1353
544;3745
918;888
2000;2162
1391;905
290;598
1335;735
1894;4973
713;1131
315;4051
1182;2008
990;3374
1868;3248
246;4889
541;890
1000;3300
1373;806
1976;3948
951;707
1410;886
1156;705
1161;622
214;1660
422;2039
1644;755
505;4110
248;4245
1061;491
671;4646
211;1700
681;2859
46;1765
198;1431
1418;4634
1424;2319
1508;1707
1287;2892
977;3357
1926;1279
159;4515
320;3385
411;188
1344;2788
1002;1445
1922;3031
397;3716
333;3454
1174;2598
555;1363
620;469
1690;3973
20;479
1257;4787
1337;648
1556;4986
1988;232
491;2460
1503;976
1401;3513
1436;2737
574;1460
791;3956
1517;1438
959;2985
1656;3335
1359;4092
1227;3786
1308;2398
1718;417
1706;2860
1529;778
1516;31
1550;1488
1459;482
414;3888
306;3805
192;2662
433;3803
1539;2399
389;4219
794;608
1812;803
1514;3182
1743;4189
1368;1450
1796;3565
1497;2691
459;4953
1407;4973
549;2721
1317;1403
254;4206
1828;4979
1798;2691
859;2183
245;3887
213;2916
933;3251
1910;327
1080;1290
1828;3132
1938;4232
203;4240
7;3428
1364;4359
2;1398
1860;2007
1993;810
892;3297
1166;2795
974;331
475;3058
1992;2400
824;1121
1524;3567
1835;46
521;227
1454;3912
1362;1852
206;3462
991;3968
389;4599
481;3554
1686;4981
35;4990
998;3716
288;3518
1565;3471
913;4543
1115;821
1092;4867
658;4891
1540;2953
1040;3928
1535;3311
1329;4820
1001;1932
1990;4478
183;4231
314;4769
16;854
315;2167
1988;3993
1919;4717
1337;4112
1333;172
853;3248
1708;538
530;2918
1132;2559
5;1187
1254;1221
123;1136
1176;1942
408;1000
1058;2096
581;1045
1066;1667
1918;3010
1232;1437
82;1096
1283;3091
421;3223
32;4163
1559;4060
287;4731
648;1279
837;2521
1982;155
780;1341
913;3036
672;4943
1338;1019
507;2221
457;4272
1865;499
1294;1637
1420;4284
663;3238
933;2600
1992;3585
1556;1702
1814;1053
1286;1899
1966;4186
471;157
1644;163
855;4540
631;2464
1578;12
392;2364
219;3191
1326;3975
1224;3928
1575;4104
1351;4520
1370;2901
859;751
194;3074
1541;3048
109;993
1133;3688
612;1292
1629;2549
416;4243
1273;2087
793;1193
113;2409
1611;4380
1575;2363
151;2441
1234;2624
282;3559
1360;4865
705;3449
1641;2363
1962;1839
1237;4735
1767;2857
714;3256
1133;3329
1020;1044
887;2426
154;4841
1535;3094
1129;4776
266;4109
917;829
1242;3188
1842;2428
356;264
107;1123
1468;2426
1219;3294
874;2256
903;755
586;742
1052;4722
1936;3924
1117;3157
1317;263
693;892
543;2650
493;1454
1560;1436
1084;1903
128;2016
1313;2686
1836;3833
1848;1239
1387;1286
1433;1138
814;2490
784;887
1109;3184
1319;3196
878;1881
1598;4658
235;2725
1190;2411
222;901
231;1527
848;1059
860;4670
421;3451
612;2014
324;4579
1367;4681
968;500
1188;1915
1359;772
1991;1155
722;723
76;3933
1096;3550
747;4388
763;3077
1174;3995
1064;2033
953;1145
1594;923
82;315
143;3043
963;3034
184;3563
1167;4490
1296;3766
656;773
806;2284
1635;174
1257;2334
787;3040
140;4283
924;1145
917;309
1778;4817
1617;4079
294;1782
617;2299
1052;1403
461;3264
1932;4279
1065;4186
502;519
1419;714
1432;3126
1099;2716
192;1175
1612;1608
1983;3650
22;422
870;4218
1521;4877
1122;2684
708;1115
411;745
1534;4927
1373;632
217;2439
1760;786
52;4761
650;505
1134;3204
479;942
1609;3844
726;704
1339;4507
496;893
1981;337
652;4608
441;4848
1143;4948
1748;3548
440;1258
1589;753
1075;1069
279;3703
873;2690
1873;613
1176;1019
610;2423
1769;4707
1047;742
1026;1587
187;3481
1559;4146
784;3878
43;3025
936;4730
1513;1920
1173;1614
885;2157
628;3289
461;2407
1703;3499
1195;3799
19;2358
349;956
423;1782
307;432
724;4269
1480;2582
1515;2047
1983;1297
1291;630
777;1121
1998;1204
792;3324
1457;1675
922;4420
767;598
207;2578
1039;3179
696;2331
1713;3197
1041;1137
441;536
1390;580
1105;97
1280;583
243;884
602;4790
1996;2839
939;4510
1829;362
1291;215
832;4268
20;3743
1545;4867
411;3981
9;1909
158;4172
1334;3931
1977;2871
588;4107
1072;3385
1333;3555
1911;969
1888;407
1388;3511
388;131
504;2691
1166;3919
1948;3960
963;3799
836;3014
1123;4630
192;3957
1414;857
18;2942
1438;3930
697;1078
1090;1065
563;4503
1049;1805
1488;3170
232;1985
1770;844
417;4455
194;2360
1141;3678
1436;3185
1466;1299
654;1051
1584;3400
751;2720
1442;1631
1063;1097
1901;1135
1719;1727
1389;2375
1257;3558
1789;3085
951;4456
483;4711
1218;2728
1227;1474
167;4580
1916;3522
1410;4338
516;276
252;2266
578;4924
28;4124
892;2718
225;152
1226;3344
753;4168
1693;2683
934;3784
389;891
1115;690
543;3363
1855;3305
1698;3007
55;3213
1525;2764
1813;4454
887;611
1769;1275
799;1944
982;3153
1161;258
1449;1096
1657;3068
4;4245
162;4
991;899
1460;659
570;1177
258;4999
1285;4774
1442;642
309;4666
353;3019
163;1288
846;3051
1323;4656
1952;1425
1611;4236
1350;495
224;1105
708;3302
337;4225
270;758
4;405
1138;1726
278;1004
1492;3129
582;474
769;2433
157;2711
1617;4325
1388;3827
394;1348
1670;4459
1272;1128
1807;4166
1681;4717
401;4941
67;3073
1838;3283
1849;825
62;963
166;4817
1809;1331
1622;3542
1147;1090
1932;4038
498;4761
1185;4163
1597;809
1625;1975
1490;2455
1366;4300
1568;2911
1618;4969
126;1875
1750;3791
895;2973
99;1615
1883;3259
1962;3869
350;1153
1722;1385
1532;1164
811;2078
281;2685
1193;1827
912;3908
547;1658
733;777
239;2703
1664;2704
1919;4405
1640;1807
943;1680
1781;3532
277;2214
182;4002
907;2420
1299;1044
1412;3809
901;2028
217;2193
986;60
386;4391
675;1147
669;2363
370;1438
1031;2178
1137;873
243;1360
1947;368
371;2086
1629;4299
266;997
915;1401
665;3020
301;514
1263;3242
276;734
298;1529
1434;3783
1947;801
1653;2576
1229;785
1579;4407
310;1126
660;2615
1237;144
1626;2451
314;4703
179;2909
1653;1757
369;1735
108;4735
1372;3725
1823;1970
1681;2785
284;1575
792;4140
6;1503
1888;4658
1101;1515
412;4437
934;4637
430;1802
178;799
1944;4607
743;3888
1405;3390
605;1968
1264;4489
505;2919
102;3785
1941;884
1311;2359
73;1651
1091;4073
1086;4064
285;5
458;3835
994;817
473;2157
497;3586
1458;3541
1504;4474
1563;1703
1717;831
1763;3323
763;1130
103;3507
1353;1358
1236;3023
1691;2488
131;2248
322;3180
1620;4470
345;269
173;3196
1931;4677
359;3538
1923;2460
1621;3113
1646;2592
769;2310
494;68
1755;3736
55;2844
273;330
1047;4313
369;2420
1904;2205
921;176
956;431
1489;820
521;137
910;3836
464;493
125;3714
1492;1338
321;2626
257;3939
552;1322
1922;797
808;4635
743;724
1075;4744
126;4389
1428;4921
124;3258
744;357
1097;4336
1361;4963
843;4574
1998;303
1598;44
722;4074
524;1364
1703;2405
1205;1151
1185;1790
1972;1842
1541;4136
169;797
644;1450
1340;4579
1246;1495
1423;3448
620;1456
66;746
621;4900
579;2786
1648;1947
653;3425
835;454
273;1488
345;876
899;3930
1953;1200
1680;936
389;4719
1670;1282
166;4218
567;136
128;299
1807;2285
702;678
1703;4423
29;473
261;862
880;2205
1988;724
1697;2639
48;1575
263;3168
1141;2441
672;331
1128;3500
1409;4749
1282;3237
1733;4359
1781;1885
1158;2909
1263;290
1921;1244
599;1252
938;3599
85;3794
997;2926
1669;4876
1067;4832
248;768
1566;2979
47;1805
495;1480
374;2456
1569;824
1116;3849
1982;4895
950;883
384;1661
1929;1203
1163;717
1538;1340
224;1126
1116;1632
478;4488
284;3874
1083;4881
459;4386
1426;917
1082;3048
1926;4640
1735;1270
1124;3906
235;1545
1353;3366
898;3537
1629;720
945;4402
1450;3604
220;4531
1002;4870
497;1912
1051;4213
1470;4245
1569;3610
1454;506
1127;1952
1725;3225
1365;2124
735;2158
1514;682
1911;4481
1211;2785
896;4102
717;2141
668;3335
411;4086
471;1912
987;3554
630;1381
525;97
716;252
1404;3537
713;1960
1189;2570
595;1825
184;4050
509;851
456;4045
348;1330
1916;2370
1374;2070
622;1560
503;2473
1971;3318
1314;4975
1007;1839
1654;2322
773;3243
1246;77
1662;53
859;3561
1177;3469
743;2243
461;522
1005;1439
656;2213
1857;1211
567;3965
1979;3449
524;194
93;583
1715;2156
981;1051
906;1427
156;2721
1304;2097
1846;3980
687;1928
549;3218
1748;3069
1691;3923
143;323
1612;4871
1073;1164
1747;634
480;584
109;2319
210;2166
1722;4768
1011;3394
1947;4769
965;4886
1529;2982
1160;3849
1121;490
1136;3304
720;2112
1052;4514
1490;2989
1733;2144
493;456
865;4038
455;45
1788;1723
1581;474
1701;2829
160;3018
701;4197
1901;3439
1168;3520
290;114
618;4550
280;2854
1406;205
1069;3514
1784;958
1116;4657
1767;1693
1542;1555
358;355
1318;3537
875;243
753;3371
647;1340
1360;888
1285;3536
1895;4674
236;2773
799;1207
448;3855
30;4599
978;2658
1103;4985
213;4711
480;4768
1314;3196
1126;2376
1589;1403
1477;3023
1893;4096
1076;3210
1962;3236
1161;470
956;2515
1326;124
515;1399
1535;1782
462;4236
904;2880
48;2716
453;4913
414;1933
1003;3150
1933;771
1245;2653
1361;2651
1371;325
1403;2138
71;4704
1544;2838
1906;140
917;1688
1598;178
1650;558
306;4163
1804;2229
91;1713
649;736
1131;4444
903;4946
1516;3609
676;537
94;3877
1436;3378
745;2669
1438;3255
1949;4063
1809;4925
460;1663
1098;306
811;3721
576;113
844;1577
1122;2198
248;1956
281;1097
1660;92
1043;568
991;1919
1395;2150
812;4938
1625;4672
612;1655
66;1105
1969;2064
1381;1911
6;196
1901;2000
362;4788
1925;3271
21;3189
505;401
343;1352
125;777
85;3605
1988;4139
785;4548
1517;324
1171;4328
1159;3448
948;3345
1964;4492
1943;675
1629;738
1868;2685
1008;1207
1427;2133
548;1482
892;3865
910;356
50;3872
1177;3961
1437;4189
1824;1714
1395;4823
1030;1840
576;797
81;3797
1512;371
1801;4821
1529;4857
1059;4494
1123;3954
1790;3848
678;3531
597;590
585;3134
48;3601
1177;3394
1430;4547
1924;1905
1967;1270
1759;222
1610;3135
813;2316
521;1833
1836;1327
377;3789
1824;4685
1894;1327
489;2854
1460;797
789;1964
692;849
1422;724
268;4670
639;45
477;267
507;123
1945;4315
1538;2048
1833;1881
979;4738
1747;2863
674;908
683;508
1901;3131
1730;4265
1536;785
76;2738
1975;953
195;4010
1043;4108
1166;4337
1309;3890
872;3588
1340;2295
1595;1033
217;2545
1317;4534
1625;4445
11;4174
657;1643
470;4188
1852;4555
1918;3982
398;2261
1865;1511
633;4047
607;4400
508;1989
1446;2578
208;2668
1356;4758
1259;4200
1469;1604
1813;2047
1641;4744
43;3837
445;4606
1287;2455
564;414
1388;3418
1608;4068
1273;4580
1221;232
1673;4149
864;4224
847;4344
226;1362
1634;3337
1698;2800
1927;76
1120;2706
259;518
1003;1340
291;2580
862;2420
153;972
304;2471
1573;4886
1149;3895
979;1547
1341;3715
1049;4752
759;423
71;4966
1484;3707
589;4198
1652;58
1797;37
943;2933
591;1621
36;3383
1783;1438
252;2338
1261;3289
128;3181
578;4000
983;4429
67;2268
820;1233
1868;2652
1169;2709
729;4067
1975;3745
814;472
1398;1582
1564;4555
1562;3114
630;3484
55;54
1561;1946
1365;47
1978;2149
665;3869
995;895
1465;1235
272;712
831;1927
1956;3015
235;4094
508;1824
705;4082
611;4336
1045;1292
1681;117
1486;3706
1564;1534
1413;4051
1411;4648
906;4604
1137;4955
814;4454
1853;1393
1161;3151
938;2736
1861;3255
494;3198
1280;2758
1535;1574
89;903
1932;874
370;4026
606;939
47;792
1218;353
738;202
387;3774
1927;4945
1877;2067
334;3785
1773;2978
1441;3636
179;4993
495;1405
913;4232
178;1676
1762;4008
1453;322
643;1942
136;347
1214;504
591;1169
1601;1369
677;220
1684;2416
888;2779
368;1228
595;1341
132;1091
1551;1226
474;2307
545;3520
313;3674
1282;1421
623;3906
1520;708
70;918
1159;888
972;1140
1627;4695
58;1615
596;1569
808;2399
1852;4608
1468;1043
357;1768
1470;2520
51;4962
859;2120
1077;1602
866;3467
886;1219
684;4177
279;1556
408;552
1907;3118
608;529
1343;14
1738;3518
523;2248
1215;2254
398;1862
1057;3004
1061;1585
187;1869
1606;1537
1433;4216
1640;1013
1559;1809
1807;120
1903;826
1083;4016
1139;3890
1;2331
732;3414
580;2077
1692;2175
1618;555
663;2989
1313;4467
1964;2914
62;4227
507;1392
1783;2452
175;1483
491;4215
1915;1625
1038;3126
1031;2494
1302;3039
673;2407
525;4361
1885;488
1287;3056
368;2492
1801;3613
122;4897
936;939
763;1564
1791;4563
367;4192
846;3103
1740;742
1841;1833
606;382
715;2890
125;1991
1270;247
821;1294
884;1664
1276;2004
643;1398
225;4304
894;2145
1747;2326
481;1476
1698;1441
29;3609
1885;3786
1629;611
514;2028
1320;4808
1707;4526
10;206
942;300
966;1714
1895;2177
961;1005
845;1649
1650;3457
247;1977
892;860
835;2436
717;1060
447;3874
478;2457
1097;4531
685;4829
471;2923
98;2466
1483;2007
45;2508
503;3511
752;4856
943;3659
841;1568
672;4210
161;2361
921;1270
1978;221
1485;1312
276;1332
1774;4798
1736;3036
277;334
920;1451
1842;1899
1464;3258
1533;1043
767;3055
1237;468
905;186
1424;2806
1393;1041
955;4113
147;1231
1396;3289
603;593
408;1733
1639;4498
163;4834
1770;1220
962;3626
270;4018
1941;4033
382;1827
1580;2799
1952;974
1275;1311
1539;815
1165;1396
1702;544
1291;3558
603;1438
686;3425
669;205
727;4116
1727;3903
698;1197
90;1625
1585;652
1477;1949
336;4152
641;4487
1741;2732
1272;2888
380;5000
139;1867
1367;2130
858;1336
1491;4336
1087;3011
497;173
1525;3138
1198;1164
9;637
1596;2670
306;2193
1752;2997
1056;1109
1456;4222
861;4190
1410;445
847;2092
1284;4957
1266;2470
279;2485
17;3564
308;3988
1434;2510
277;4811
1438;4269
757;143
1378;2762
1335;4952
1578;1988
550;1766
43;820
417;4075
1981;2239
542;3620
913;171
453;1640
319;1250
1678;219
1131;3988
788;339
995;328
1877;1101
1328;3724
1229;4980
1764;4980
1020;4868
1903;1477
292;248
1341;3391
852;19
1952;1357
740;3505
1464;127
1178;1891
1576;1361
4;59
1378;2157
165;1235
792;3458
1586;4571
1218;581
1108;1243
747;900
29;3521
1242;2633
513;1059
1472;2973
560;4901
408;4862
815;79
889;3678
985;2571
241;4567
1603;3584
284;2081
1942;3930
468;2864
1678;1500
1974;3306
102;839
1393;3985
788;3335
1379;422
1410;4965
471;1671
400;3598
220;3685
1959;4962
1067;4775
1327;3224
70;4894
594;4165
1843;423
583;3830
1958;829
1837;3722
1770;4347
277;2825
268;1009
232;2326
207;4257
1925;3689
1631;1259
1696;4984
43;3345
1997;1955
41;815
1974;4478
343;2302
1048;3697
1914;1952
788;454
1492;4431
1292;4572
1298;2375
790;2300
283;4743
1942;3707
1963;1852
881;3246
938;122
172;2985
1594;817
22;4345
519;3939
43;3520
1782;4950
116;3267
1696;4700
236;2374
67;936
1046;4075
350;4613
1931;3810
720;4921
1489;403
1975;171
687;625
1498;1368
1566;711
1343;3100
655;2366
94;1326
1955;533
410;1304
1971;3474
489;320
534;2897
1924;652
681;645
1934;2372
162;4340
708;4714
1030;4970
1777;2865
1691;173
1090;818
467;635
1855;4246
798;3947
1432;2022
199;3242
666;4803
1735;2261
1253;875
661;2035
50;1995
1583;2359
896;2068
1711;1588
1583;3074
1117;1169
204;2330
1929;4745
415;1982
864;719
1200;2193
1836;4866
765;2749
1453;1096
201;474
398;1668
1793;898
1851;3373
1376;3581
642;1209
1066;567
1574;1165
183;3014
737;1824
1345;1342
1473;757
1671;661
1384;4040
892;46
189;953
1114;2750
851;3782
47;3952
1857;85
943;4574
1511;4412
1257;3156
1178;3844
444;4329
207;4396
311;1114
429;3858
1194;704
1307;3650
969;3546
1515;3191
1702;52
1783;2858
1730;2221
655;1181
1220;271
153;1311
1937;1339
1804;1290
1206;4749
1645;66
950;501
1386;1894
1387;980
410;3460
605;4496
1452;1168
1910;4714
141;3299
1667;1405
844;3515
1536;1744
933;1246
1513;1729
461;1181
361;702
731;1211
746;2558
1226;999
9;1458
209;4804
976;1985
1843;2427
795;4993
429;4127
468;273
1936;4300
1800;1846
1114;2464
896;494
668;3971
349;2509
1886;4666
902;2629
1437;3759
1837;4359
1307;270
695;1372
1728;881
1400;1006
1081;3662
400;4106
1735;3291
1377;1149
1235;1815
1373;1796
1830;80
1034;318
651;1411
217;1788
1483;1395
1540;92
1772;3388
1692;2731
718;4005
1631;668
837;4216
1262;3128
1711;4973
1959;3883
1483;4432
483;1229
611;2083
581;45
61;1258
961;272
183;956
556;3191
1509;3318
1084;4284
374;18
1127;632
1122;1774
263;948
376;752
446;3874
75;3424
1892;4253
309;1893
326;4310
1022;2543
750;921
1085;2501
1965;3257
634;4537
1054;840
1576;77
141;2218
415;691
1895;2998
656;1141
1818;477
1624;4559
1268;4636
232;2954
1655;3375
681;1806
421;2615
1839;1292
1364;887
1855;1528
724;2233
1904;458
411;2363
626;3368
1807;4967
1270;2945
9;4520
1522;955
156;2887
1075;2424
877;1080
806;3484
1905;3713
1575;4976
1742;3621
840;3466
31;1758
1009;4749
37;4546
1474;4948
683;1240
101;1453
783;4237
308;2765
1853;4697
290;3366
103;782
159;4599
104;487
275;776
358;1872
594;3905
1600;4610
1990;1033
356;4736
859;3002
115;3336
1576;2619
609;1206
48;1868
1282;4374
1464;1932
113;1292
870;4439
769;562
150;2680
1612;4869
1838;466
622;1321
766;4079
815;2322
1236;2212
476;3347
34;257
1537;1287
710;1551
869;3283
1695;4553
1240;2814
816;4255
368;1355
1015;3624
1921;1588
1378;4528
727;1198
1457;2529
1847;1055
1993;4065
799;2371
1109;3224
72;563
534;1201
417;3281
965;128
238;2880
1990;1940
1965;3506
1664;2680
596;1698
485;909
1859;758
1753;1081
1748;4982
1825;1535
650;3955
1097;2608
49;1269
413;992
980;157
1518;2205
1161;2287
880;1722
1097;4326
1244;2250
714;1491
1266;2559
151;2169
290;2684
1549;4387
1107;3774
3;2528
340;3916
1506;2739
265;1572
741;2066
1228;1176
237;1039
845;3848
1644;1224
629;243
1996;4824
1043;243
1803;1685
30;719
1893;1726
273;797
1116;1841
591;4261
1564;2338
1408;3747
883;2972
983;1461
742;4279
485;4274
1709;150
1798;2274
1680;4054
725;2234
951;3087
1628;1191
1909;2566
187;3172
404;3403
397;4552
1299;1399
934;3174
1465;1078
54;3694
1878;3232
22;4352
1490;4034
1210;3841
1396;977
1182;3995
1549;1113
815;4912
88;1521
520;1705
315;4921
470;1676
614;1165
88;47
1302;2271
1473;1915
1643;1138
1670;515
1155;1217
1175;2519
43;2766
1625;2870
1236;4905
1766;4693
1156;3191
124;2132
1207;3734
1064;693
1120;3723
638;3781
1831;3556
1404;753
1710;4189
14;3968
717;3896
1231;146
661;2904
1976;2769
1220;1439
482;2530
951;3099
1408;4798
1220;253
1348;2016
1008;2940
1255;2705
996;1490
524;2616
301;2472
381;374
1913;1556
1523;10
1309;2129
1245;3860
146;3968
157;1790
1299;3628
715;4354
152;1398
782;3603
1921;405
1883;3744
1113;629
1394;4877
1063;903
1220;4542
72;4411
171;4037
1937;4365
1906;2249
1974;455
560;4400
884;4959
690;4439
1334;4035
492;3145
1837;1363
117;2111
753;1954
1833;2063
1938;161
471;112
1995;1839
651;4977
1265;2663
270;4676
1852;2012
1408;3033
129;1008
664;2368
1506;3414
646;250
1934;656
1579;991
613;1317
295;3041
47;2633
1945;4247
1830;820
1166;3594
1652;138
860;3196
1996;1340
1737;3297
67;364
1022;3821
692;1605
1827;3633
1474;3655
289;1233
1393;2877
1247;3209
556;3346
1698;2315
945;4376
23;852
1979;904
789;4869
1559;1162
1283;924
1217;2226
1581;2530
71;940
409;3303
672;2202
1043;1031
1669;2533
537;1678
1555;905
402;2584
1802;5
1007;101
515;1015
131;1448
507;2666
1854;3954
462;2343
1966;4965
1860;2444
1934;2751
1574;548
1790;617
1769;1367
775;3462
936;3434
1727;900
1835;3120
758;4269
1800;4402
300;4067
1498;3935
704;4923
1918;3945
1983;25
1179;4277
481;1136
930;1287
2000;1947
1647;4078
704;1669
1261;4510
708;383
1325;488
143;3045
1515;3806
420;2924
1755;3394
1911;3054
1814;3690
1994;3721
1935;171
49;474
1071;1294
1046;3388
761;2420
579;4681
643;4101
128;1109
1272;3664
1632;67
1359;1723
1706;1976
937;3238
1748;1439
1366;2593
1293;3866
692;2865
1926;2825
783;2667
578;4404
1945;3643
1537;3351
1619;4504
887;4801
1272;2432
676;114
1923;1334
1832;3618
1021;2877
62;4234
1649;1967
480;4764
547;2546
67;2481
183;3658
892;248
1285;3924
978;3180
24;1284
380;4514
1391;3240
1078;1288
1568;2449
1315;3380
172;2368
1647;3837
476;4362
1838;1894
1006;285
466;3151
1590;4616
1313;1644
1993;1812
1933;1513
1866;4210
870;4324
43;2640
369;2203
1293;2440
1881;4605
618;858
1619;3084
1271;4500
1706;1601
1856;1472
536;153
406;3920
565;4478
285;1658
447;4723
203;3190
1866;4015
1861;723
1185;4175
1620;2178
845;3143
530;15
791;2432
1945;212
855;779
1044;4258
479;2596
1988;3922
1148;4485
1252;2058
946;398
18;4215
493;3766
1574;4557
638;3406
1458;1977
1484;2036
1890;2471
1049;2148
1770;3379
861;1564
551;2989
663;573
521;1878
1711;1937
737;4289
1619;4530
1091;289
1875;3840
1880;1627
1696;3176
989;2523
1416;1206
371;256
726;4496
253;867
484;1018
265;1646
998;2346
1897;891
1430;1327
1212;745
1786;3702
875;2372
1500;4269
1327;3268
555;1024
533;818
967;2141
1210;3239
1976;923
13;463
39;816
1856;2280
310;1531
587;844
381;1061
1650;3377
1280;2274
1375;316
1603;4545
179;3107
14;943
1431;1113
1556;2586
1085;2562
153;4250
1657;1816
1774;1936
656;3453
1714;4290
518;4342
1915;3144
1399;2129
1817;4573
16;3801
1539;3303
299;498
851;559
914;849
61;1228
1986;4079
1180;857
652;2374
241;4346
1525;3669
1994;1515
1946;2646
1034;2865
61;3373
375;2079
526;3274
154;3014
1019;3960
1196;3328
982;1592
1200;2382
1094;1793
931;2871
200;3317
678;1688
736;4821
973;1019
333;1611
764;3490
1365;3354
564;614
1803;887
166;4666
1018;4613
1910;716
1278;4972
1903;683
654;1294
598;353
117;501
1374;971
1842;619
891;4720
1221;2627
533;944
1042;1618
5;2525
795;1431
535;2459
193;4620
1955;4390
1962;3620
1689;768
1850;3199
73;3488
1703;390
55;2254
1556;35
1778;831
1106;3550
543;3499
698;4456
1703;3878
1377;3279
842;3485
1541;620
1774;3404
585;2105
1038;1970
682;1583
1321;4768
620;997
251;3338
1624;735
831;1044
315;4647
148;1467
1692;3341
1425;1642
1217;4318
1661;2421
1025;2167
662;1388
969;2872
1769;2998
1838;2422
1752;1184
1769;2822
1674;4446
699;2520
1787;2722
1881;4526
226;1880
1012;3363
1070;876
662;2893
936;1214
1457;166
142;3734
75;2181
1414;1632
571;2030
1599;1411
157;4784
592;2920
217;761
301;1084
415;1081
1556;3184
1146;1666
49;1917
1605;3736
354;3768
370;316
1341;4785
883;1041
1593;4403
574;495
1293;2995
1783;165
205;2901
276;4840
1317;1394
984;2422
1193;4922
1958;891
656;2567
363;3911
1722;635
1889;1540
367;21
1268;1150
389;1289
1852;115
837;4542
502;2546
1021;20
1502;1583
445;1146
1986;2818
841;2424
566;2606
1446;285
554;3748
1340;3698
614;4427
1677;3248
868;833
721;393
603;3839
1180;2908
910;1739
1229;1085
932;3702
1338;2253
23;3635
1229;1492
1214;748
608;4367
1967;2780
379;860
1488;4669
1460;3784
1967;977
724;2639
1086;3704
1595;379
1212;4734
1072;3767
1886;3228
1062;3234
777;4267
489;3091
1148;62
1342;3139
1441;684
1253;733
1675;1498
1007;3646
365;970
119;1455
1503;4269
1052;1865
98;1627
1229;1292
1843;4952
1478;1405
1885;3080
527;3033
491;4533
1230;1143
1740;3214
1996;2326
437;1123
88;4742
256;4641
589;2461
1868;1056
1592;2088
1623;1565
1183;2121
312;4862
609;59
1816;3347
1398;1669
118;829
1617;1323
424;3140
633;4729
1003;169
326;1053
1100;1191
157;3155
1885;3988
1705;2763
75;3678
1598;4645
715;3578
21;662
741;4186
1685;3570
1531;1735
980;2215
731;1189
1564;1802
451;4112
573;821
500;1139
1558;2607
822;822
1702;4791
856;3021
698;1868
253;4793
196;33
1414;1497
869;2220
734;4592
309;133
443;1977
1927;1865
1577;719
286;3743
1077;2250
614;1138
1387;591
1091;447
1351;1507
634;1095
1787;3707
1907;2537
41;3898
1707;4702
107;4734
476;1357
770;4951
1982;2382
775;3486
896;3148
1345;481
612;12
1604;2040
1953;564
1809;3850
1867;3622
1711;468
1592;2271
1162;3669
608;1384
284;3925
1614;4320
1217;322
1485;4651
1909;71
1193;3195
584;915
675;1124
683;2063
317;1721
216;3496
1539;4421
1827;3608
733;249
518;2678
5;609
24;3800
489;1797
467;9
57;3490
188;737
691;1053
1718;3697
140;1686
901;4141
1534;3433
1166;3566
1848;1827
1222;3477
1223;1592
1933;3332
732;3380
89;4295
1880;3089
1249;3568
1567;1924
42;1785
1011;4093
189;4972
930;3914
1474;1780
1649;337
742;2790
424;2228
137;689
751;2717
185;4502
396;3048
1117;2094
1948;1214
1217;4137
500;876
996;3995
1251;2070
829;2827
1934;4719
432;1947
785;4380
1387;1448
704;4752
1851;4550
168;3519
1882;2470
1758;3
1499;4057
1615;94
1822;4372
338;3850
1549;1063
1361;4320
740;3222
1376;388
495;3508
507;2004
782;2302
305;952
548;1501
870;4564
337;1861
1103;1355
1253;667
1937;1741
1191;2378
1929;1620
1041;3034
1522;1936
167;932
1195;1277
947;668
1206;1338
718;1541
1404;4497
1197;3555
165;4275
443;1584
615;628
1898;4459
1481;3447
999;2657
1868;1921
1536;4748
1518;4964
1370;481
1416;1500
1511;1405
1468;4381
1972;4710
1106;857
1423;1733
655;1118
1549;764
755;2443
331;3463
1698;4966
1345;2038
868;4131
1692;4267
111;4589
1504;2084
529;3608
226;909
1452;4194
1183;2654
1824;1990
1388;4504
1607;790
333;4688
635;2207
699;4638
298;709
1626;615
136;3961
639;1323
415;319
1489;2580
1859;3285
1319;18
265;2084
1726;2455
1654;1032
1657;1217
329;3407
1679;734
389;803
279;2313
628;1926
1414;2688
1747;3143
1852;747
1276;2174
892;1374
1948;4033
1082;3661
1334;4790
589;3365
747;1984
1083;547
1544;694
1550;4314
1556;4272
1347;1622
1041;3897
1330;2699
1023;4117
1027;911
640;2877
792;1368
921;1857
1746;4286
1787;1677
1243;2748
1686;4398
675;3925
768;3165
1865;4810
1447;3505
1059;1942
280;3116
1917;1167
904;4720
1954;2167
935;36
664;4906
871;4955
1358;308
1820;1918
522;2015
1860;3065
1474;3978
1682;2321
1373;1509
1525;3930
1319;330
842;4480
519;629
322;2869
397;279
439;3337
1251;4707
224;3406
1653;4538
80;1682
1499;2562
1841;2702
433;2968
1507;2828
528;4545
1777;198
662;4963
363;3479
152;1577
580;1255
1963;4864
661;1725
1436;4803
123;3854
1930;2625
1033;1324
354;1711
1758;2643
284;1227
381;4710
362;835
1092;869
123;3572
988;3381
382;3393
1726;2023
1981;2830
1712;598
1123;1477
796;4201
928;1492
346;2570
1255;3639
1669;1520
1420;598
735;534
1367;12
1634;3106
1112;1882
745;2417
198;289
926;1467
1374;1812
1682;3992
105;4200
1935;3288
702;2776
254;708
1232;325
1941;1957
1766;2869
662;2600
359;369
1216;2354
1296;2047
923;974
889;2242
839;4712
539;3611
16;1766
944;1571
1070;588
495;1260
943;1770
1051;2483
1622;255
655;3211
1299;126
1365;4794
1678;2034
464;1093
1446;3779
917;936
1996;404
1215;2628
885;1794
1846;2250
1944;892
613;3317
1919;4723
89;498
817;1076
705;3617
198;1436
487;1706
1260;3228
409;4347
248;2088
792;694
1169;398
365;4307
566;2148
1534;899
888;3994
305;343
1386;3658
1210;366
1061;2138
1689;1339
702;1149
785;995
977;4365
802;3883
646;871
1950;4419
1752;4444
44;3568
812;3288
120;4120
1195;4382
1631;2195
1620;4975
1638;4632
1699;3896
416;2326
1321;2364
1149;4956
995;912
1064;1953
719;1004
1625;4531
131;4874
1282;3247
231;252
1990;1388
1497;922
1343;631
345;4569
1834;3325
253;4231
603;4658
1103;3851
1173;4230
1004;58
244;4428
680;1452
1723;3904
63;1290
1951;2530
1660;4837
667;994
138;1548
756;2745
106;22
372;4898
806;3140
749;1990
1016;2235
31;3741
597;405
892;4236
250;1459
1701;1803
1046;255
646;397
1537;2793
1694;979
1549;2952
1624;4407
1647;2788
809;2163
369;2421
11;1983
1317;4184
1354;3633
1639;1653
937;4796
37;2733
1439;4822
702;4975
556;4052
1283;1006
1507;72
627;263
18;3696
1283;378
566;3231
1264;361
80;4745
928;3601
100;204
649;4286
1559;3459
909;1638
115;2823
1142;4990
1342;2365
668;4687
307;3628
1104;1744
195;4344
275;3552
1799;2447
1489;1424
1056;1268
815;3803
1434;1851
1168;4265
1063;4944
1366;1378
1084;4870
1349;861
1012;4311
1192;4561
942;4567
1927;3474
480;4166
210;3506
277;1332
1105;939
1321;1867
1357;4718
1603;1
140;2709
758;4775
922;4184
746;171
1551;3854
1790;2402
1460;4053
1774;4309
1628;4037
1134;3504
369;4055
253;4513
598;4785
1415;4613
1725;65
804;49
283;589
830;2721
1470;3505
1426;4012
1593;634
1;1128
554;1475
1558;3711
705;4208
235;3662
1107;3825
1343;667
1267;4082
1912;3774
1257;4547
69;2302
465;3409
216;1229
669;1190
249;3694
1314;2948
1938;396
1410;2215
317;4008
1992;1645
1550;343
1225;3440
1398;3458
1587;4875
1294;3252
831;1032
132;2907
82;898
481;3866
1309;4683
13;4475
924;2314
1739;3963
192;922
218;2748
1037;571
409;2085
1346;2708
1382;2470
1595;2826
1825;22
241;2749
308;4796
1426;1697
1691;3755
690;4204
65;502
1377;4705
1265;2877
1668;3697
443;4731
474;1463
1583;3704
1293;2807
244;4148
1254;2896
1430;2565
1573;467
1369;3619
69;3044
290;2009
1998;4939
1176;753
743;244
1971;3915
584;278
69;2942
403;744
1156;4725
1458;3477
1794;2737
839;4037
1565;4310
578;4690
413;3685
1231;463
972;1177
1678;4226
415;4972
591;2883
784;3016
1041;1229
939;4496
759;463
404;2823
183;205
1581;1215
1303;3877
1094;2069
48;2838
1747;3897
157;2454
560;3671
810;3747
25;4607
355;97
1975;3725
1867;125
538;1568
1692;2990
1666;2261
1130;1412
1762;2233
657;3407
166;4476
1192;1438
1756;3689
493;176
1878;211
484;1710
299;3747
1716;2569
1037;625
1994;743
872;2338
1938;696
218;2325
658;640
1982;4054
343;1673
87;424
1008;3314
1781;3966
661;2137
1628;3261
1174;38
453;61
972;3877
559;2777
1833;4246
1335;1921
1196;647
155;765
1202;3742
247;1487
1611;458
1195;2501
1663;4767
991;3041
233;3882
261;465
114;1561
1501;735
1417;180
99;2156
646;1373
1592;3309
506;4288
258;2228
640;1068
1799;1828
1892;3971
738;429
1862;2769
1264;2569
306;2678
1859;3083
673;2196
1133;3407
1711;4910
62;2091
1928;4627
449;3307
617;2132
1873;1699
1675;4652
1993;793
1172;3537
748;4503
229;2150
54;3491
1877;2205
4;4434
1730;3141
585;2109
263;3458
1574;701
774;459
730;3473
368;3447
788;2938
1206;401
1168;3463
371;2282
1913;4025
676;2781
1272;1964
221;2240
1654;3328
1049;3057
1520;3201
1597;2857
355;4331
1258;1458
151;1052
1059;942
1103;1915
1704;279
1526;213
1714;4822
1455;744
1783;1766
160;304
1259;3347
1020;2506
653;261
897;1309
734;1475
599;993
1809;3541
197;4915
832;457
1107;253
588;4501
5;2654
1109;1948
1004;2293
171;627
163;2923
1941;1565
1440;2078
200;4909
1850;264
1561;3701
841;3800
583;3133
994;1495
1036;650
1155;3657
1599;3714
1152;4571
520;318
475;625
1875;2495
1808;2263
616;3090
1254;2960
357;1188
563;4039
1211;4631
1841;4407
841;4364
187;730
614;2682
1541;361
175;1186
5;2858
343;2140
1938;453
1724;4292
1576;4737
1409;3972
1679;308
178;4497
1141;2686
438;4757
452;1443
320;1247
1812;1992
467;4907
374;4558
828;4999
959;3459
1779;4860
1500;2687
710;3923
777;1663
595;4792
683;1964
474;3641
490;3271
1986;4654
1500;3956
613;4875
1174;32
1836;2561
1451;4841
515;226
648;2302
1212;853
1172;2869
1369;2462
428;208
974;359
863;1882
1193;3014
1191;818
971;4667
1654;4845
542;600
1719;913
675;2444
134;2641
15;1130
815;1236
584;2107
751;4614
1151;1337
127;4318
247;4390
1315;3577
792;4791
370;4240
1253;4599
1306;4297
1528;226
1913;2950
26;2613
1225;663
1307;3344
1192;3974
1765;4913
1693;3044
1797;4524
923;658
1390;4202
1514;3555
1612;1111
579;2281
1811;3401
442;3230
977;4194
112;2645
393;2068
841;1323
940;1058
371;2023
936;4550
984;3228
715;727
199;4554
1029;399
1187;4751
1255;1266
671;4449
1116;3852
520;1725
1643;3770
1442;628
118;436
287;188
1411;4215
680;630
956;4975
1020;3619
354;571
541;923
1817;1556
188;4971
1956;3889
668;1959
1512;2257
343;2466
1012;3234
669;2590
1757;2665
1933;4409
540;686
1058;4710
1742;3507
1481;4492
1578;3787
617;216
806;3912
371;325
1963;4142
645;3665
1583;3124
1935;4176
671;2065
1078;226
453;3706
1088;1165
842;3469
1932;4792
644;520
1205;1380
1043;1400
47;4353
1824;1052
1469;3667
904;903
1599;2001
536;3861
416;58
1688;2129
1347;2167
312;3201
1877;1095
906;2868
89;2951
816;4124
61;3513
570;2915
284;2663
1848;3600
967;3031
1172;3952
326;3920
569;4456
1875;1227
1982;4870
422;4920
778;174
1114;1737
769;3688
1553;3747
1596;4858
829;2252
523;3507
1485;2817
1383;3902
1975;69
1292;1161
296;1825
