487;3028
786;3257
982;2239
1857;2195
266;2819
1693;4418
320;2334
338;513
527;522
767;3028
948;3594
1844;1498
183;2106
1194;439
1394;4033
1479;290
587;2366
401;4802
1582;4056
306;872
1765;4765
1585;4976
353;4415
323;3055
184;2338
945;4730
1512;666
74;1926
1663;827
595;3101
240;3399
96;1211
1502;1467
1606;3022
229;4813
1939;3313
446;2100
179;1574
361;3411
964;4998
1555;1535
378;1473
294;4879
1645;3960
1586;3328
1424;4655
796;3434
592;2760
983;1399
6;57
1155;4195
1013;2865
1060;1167
572;3975
537;3373
832;2770
1472;1118
1082;2579
602;4319
1188;452
1582;974
177;2474
1253;3737
526;1616
1792;3899
251;1394
1837;3611
6;1493
1460;1401
1377;2397
667;624
442;4154
469;854
1561;1182
176;1139
1494;4589
73;1815
1303;2356
1580;1026
332;24
1076;3563
918;1797
1371;881
1489;3217
1979;2515
1599;3450
497;3443
119;1721
151;4461
1681;166
1561;1248
1386;3335
1645;2774
82;4455
1896;3815
1199;4240
1740;27
1379;1255
846;4922
7;2552
803;1686
1511;1070
111;1757
1881;1271
567;1794
1545;3104
485;3997
1597;863
427;1831
1499;4227
845;2112
941;2966
1825;162
684;911
1722;440
1948;2941
1346;747
1530;2464
307;1822
1308;267
1594;1034
364;195
232;1864
642;1998
1464;216
1119;3361
1972;2099
1874;788
1883;256
429;4005
201;2612
1423;198
1626;3368
1088;4040
970;919
1422;1276
301;874
1339;4203
19;149
693;649
90;4591
1963;720
96;823
691;1614
347;3203
1635;1806
1607;1778
136;941
1639;2253
1511;2348
1448;2034
556;405
331;2707
530;1391
1367;1654
1458;3254
1307;4242
1382;3277
1688;883
338;2108
914;692
1621;4557
755;3125
1264;1030
736;1316
893;18
928;3550
236;739
1277;2814
1734;2460
481;1374
51;2207
1157;3263
1929;2052
1244;117
1887;133
1914;393
882;2404
332;1378
1329;4009
995;2877
970;1697
809;3932
1050;776
50;4551
1360;3490
622;1183
870;4306
99;2746
241;3051
1659;1289
412;3186
1685;3147
1958;1340
1267;485
74;4537
598;4848
1995;4985
1077;1416
526;2869
261;538
1302;1871
482;4525
1471;4185
382;2968
1909;3204
605;1780
865;1833
1953;147
316;4141
1108;3304
337;1830
1205;2918
1615;1373
682;3697
1008;1660
1592;4843
1816;2247
560;1096
443;2751
1421;577
352;1299
904;3269
1948;3150
1202;134
1222;1300
400;1292
1927;3098
1331;2740
1744;2182
1912;2614
1527;2518
1173;174
396;2448
1538;1537
1285;624
1172;781
1698;3924
904;1427
1992;4159
51;1579
613;1970
1054;4194
1498;1980
1717;2125
1437;4501
768;3839
1680;4977
956;62
644;4431
652;2115
276;1573
1509;4536
1650;1401
851;600
828;268
628;4872
1977;4898
727;4726
427;1984
711;3219
1769;2121
1338;1565
1503;1175
1091;1052
1151;217
71;4419
356;954
1594;730
371;3726
1269;3500
1665;3703
1947;4509
1225;4361
1194;3267
684;4924
1636;4701
707;1476
173;3194
1347;4289
1298;4890
368;2828
1272;40
997;4147
1257;3376
1351;1505
1332;890
965;1950
1282;1280
1569;1110
724;2543
712;4356
171;3964
1984;2577
663;4022
1751;1974
247;707
1482;2222
1411;262
78;4995
368;3796
287;1890
1237;1271
315;1192
1540;4457
391;3298
457;2319
1297;4018
1721;4304
1977;4954
1410;1929
1321;4799
928;2211
1294;1237
1703;748
1765;4241
214;2806
1954;4521
585;573
305;4745
639;3982
124;2427
776;4080
1448;1265
799;2108
580;3589
603;2064
600;4686
30;4873
1087;1522
1793;1232
378;2961
873;2912
1083;2460
750;1839
401;1497
882;2650
1126;4280
1682;724
270;509
390;4043
81;4859
396;1535
1946;3348
1314;3115
1510;4476
133;198
272;1010
587;486
1236;3128
1257;4913
824;4344
331;3304
551;4859
1171;1248
836;1655
1339;4238
33;2466
1280;4098
1408;724
987;2493
1444;2189
357;4575
1711;453
1142;2965
1679;4246
156;1130
417;3628
183;1015
1229;1324
1610;436
67;3536
1716;1480
134;3381
458;4837
597;3420
1080;1891
885;3375
1656;4422
741;4005
1238;1030
259;4768
399;3001
529;577
145;275
539;2928
106;3541
605;2356
195;1394
1098;3779
221;4860
566;3142
820;707
1812;4314
1152;2615
1066;3465
1866;797
276;824
210;3901
885;737
1809;2183
1281;1959
890;984
685;125
1427;3633
1532;4975
326;982
1679;139
6;1036
1069;4784
273;4534
1924;3161
1684;1004
1364;1651
1468;2756
1461;2416
27;1630
558;4673
1684;3028
16;3095
1421;4067
811;4366
362;414
1494;1634
385;4863
1232;4002
1131;2753
1962;3380
390;200
357;537
73;3733
360;116
283;4489
643;2233
79;4477
1651;197
910;1970
1953;1362
137;449
631;269
1028;1246
1493;1564
892;1725
1108;3809
100;3928
173;752
328;925
1687;2973
75;4803
1859;1648
1912;4357
1863;1483
733;2204
492;3329
43;3151
647;2535
1699;3509
527;3375
155;2469
449;1972
718;1920
684;1491
1311;3040
1426;3196
283;1970
1456;1709
1638;603
23;1560
1206;2413
1355;1526
1436;44
1919;2215
238;1423
1371;2594
1325;2263
107;1668
1317;276
1591;3809
1251;3085
1311;4502
547;2933
477;3925
706;4752
469;3026
1500;204
1738;2039
1010;1793
1509;3820
1931;3398
299;568
990;4322
1110;1406
1509;3657
1302;1559
1899;3060
702;552
643;4367
644;3463
1934;1626
390;4914
1013;338
1979;1722
1172;2901
1045;1024
886;3670
1695;2770
292;2495
1270;2848
823;2473
1804;2329
911;3638
464;3395
1856;4864
1225;87
1886;4020
1690;1120
748;1917
432;4130
417;1388
594;106
1409;4486
932;4735
1308;947
1058;4239
78;65
1538;3380
216;3861
836;1897
355;2123
1912;4091
1243;2390
873;3850
685;573
345;465
1702;3482
538;3382
1377;3294
1242;3000
1418;3848
1476;3850
760;4898
277;2584
393;817
1310;186
570;139
1698;2238
1180;4541
912;2051
1160;650
735;502
823;3310
1449;2648
1615;4930
594;1042
1688;59
1936;3415
395;2748
1998;4359
1048;4339
506;1085
566;1386
1747;3701
1743;315
1126;4850
234;2399
1257;3539
788;2579
1962;2615
1271;3805
567;212
1237;2823
133;1566
1928;3885
1759;610
1185;1682
44;4550
1416;4008
273;995
222;1277
1053;4994
1073;4160
1089;4322
193;266
653;4345
1189;1093
1230;674
1616;4449
1920;2272
1090;266
571;1664
1586;2218
424;1111
579;4005
1415;918
1523;402
330;2285
1324;4552
1798;3992
1598;2308
1910;3692
1287;1917
9;2345
1184;1003
1183;3278
1782;2718
278;2210
1182;2120
894;303
1274;2422
109;489
551;1765
561;2018
484;4660
220;1019
1900;1287
1814;4735
1927;2539
569;829
1482;1989
1717;4538
1445;3131
427;2232
1430;4050
1331;4111
1854;2534
965;2882
575;227
1200;3419
1281;220
1332;2139
708;1118
7;3220
1297;2546
1686;3357
1607;46
1100;1657
436;1637
1145;2952
686;1848
115;401
1182;2036
1144;3369
1613;1122
1418;3081
1043;3812
1132;3293
721;1735
1573;4995
781;2037
121;4722
585;627
566;4329
1402;3807
16;2763
584;216
7;228
1228;250
798;4946
1983;3403
1082;2043
1507;561
99;3782
908;4449
333;3812
1497;3220
1754;1692
885;4769
657;2833
952;3169
405;4410
1997;1939
335;207
99;799
760;2043
1134;1030
58;2735
1113;1104
841;3298
1601;2946
1858;557
1175;1584
1129;3390
234;1156
1555;1714
1071;4724
1458;4924
1238;3278
810;1048
1813;2194
1998;2293
455;283
1363;2115
249;4101
1158;1404
301;2268
580;2036
1126;2923
1783;2754
75;1067
1869;450
1571;2963
1452;2178
861;1156
83;4997
475;2459
1252;4801
752;1604
492;2000
1731;1683
1850;3993
601;3047
423;2274
806;1660
222;3383
1024;4917
1159;3223
605;4347
871;1209
1878;4420
191;4655
1113;1400
1885;2581
1925;4992
417;1984
1768;4873
679;1415
905;3207
1381;1746
34;4469
758;128
735;4394
154;588
156;2197
1349;1354
1057;3429
1932;169
556;1543
253;2246
846;3435
964;1630
836;4523
746;3166
307;1398
897;4565
1864;1212
1882;3788
1766;901
122;1658
912;2631
45;938
788;3485
236;1415
303;4072
79;3698
1233;1355
190;2650
553;2252
863;2574
468;437
1235;669
1465;878
647;786
1462;3988
249;1296
1142;502
20;1965
967;3276
1545;190
1405;4764
833;4808
1522;3042
1752;1102
557;1383
1931;1488
1486;741
857;3010
986;2518
1032;2866
1824;4791
1009;2298
1570;338
610;4803
866;3310
1186;2397
1337;4928
103;1113
748;1089
288;4567
1376;2881
1314;4967
1773;3769
1796;4738
444;1185
326;1777
1387;4473
1546;2580
247;2275
1800;2869
1007;4356
742;232
869;2346
1971;495
416;4835
788;4346
1307;1289
1214;963
1933;458
1035;1393
587;3870
1500;3958
1092;2657
1042;2372
1434;2999
602;2324
1041;877
1436;4372
950;2203
1388;2873
374;3799
1971;2641
1289;667
1046;11
631;4656
1877;3088
1778;440
1578;230
167;866
96;1397
468;1678
1427;1751
1620;4470
1498;1166
1574;3032
550;4890
695;1118
1660;4746
1779;531
1812;4919
476;1570
1322;1700
864;4576
21;480
1996;960
99;1065
643;907
463;1850
274;2304
1542;4817
660;2647
1271;4601
1544;1983
155;1232
1625;1786
477;450
1886;1190
1444;3057
54;4710
1091;3351
1995;3573
605;1657
83;2638
47;123
1284;557
1944;4571
927;4081
1359;1158
1059;2081
1612;137
946;2667
345;3014
974;1740
762;4122
1795;4961
236;928
1491;1553
712;4514
617;4123
1041;559
1558;2852
213;1908
767;1525
993;4500
1222;1028
1414;4153
1;4676
1433;354
1413;3105
1621;186
1642;1076
459;3425
1593;3394
433;4224
654;3849
1210;3327
505;3698
368;2725
1119;1264
1095;41
1737;808
1547;2810
66;3518
843;1233
318;273
1559;2052
1139;1364
694;3875
1068;1679
73;810
58;2474
1592;4456
1914;1923
314;4527
349;2618
1706;3352
1904;4212
1977;4669
311;42
1143;123
118;1773
688;3221
691;2637
183;2814
215;1516
1601;1915
1022;3769
875;532
1823;4116
1214;3611
1119;3872
360;4857
492;3273
21;4506
674;1172
739;1891
430;3112
1069;2085
438;1142
848;2973
743;3972
28;4994
946;551
1775;3375
398;3059
868;2258
1267;3223
463;4514
1617;2704
1729;500
735;854
247;1486
1937;211
82;4108
1133;3505
1670;3960
1645;4517
781;4499
1309;622
1406;4735
1808;1171
1083;916
679;4708
1662;1505
616;3339
1249;1422
590;983
874;3629
261;2843
1808;4020
1013;2664
1058;1952
1069;1456
1079;4065
546;2710
1659;976
96;3941
1053;389
165;4152
226;3924
1920;564
212;3819
1729;2349
788;2498
1840;3072
396;2999
680;3809
1232;4381
200;4369
1306;3700
920;2400
1573;2763
1060;3368
731;4028
333;94
1417;3461
932;2761
1099;4206
1911;569
1495;1418
1798;3690
1445;861
1969;317
591;4621
1127;2546
386;1972
1402;3076
1716;4750
124;1394
205;4911
465;4733
1865;96
1902;4741
624;1250
35;2029
215;2544
1826;1653
1377;3247
827;4693
91;1674
727;3430
1162;3194
540;1858
552;268
213;3349
1071;3039
1394;4864
1945;1779
1797;1185
1099;2960
1019;4816
255;1555
54;1520
809;3812
188;4504
1619;4864
530;1048
1764;4616
1340;537
826;1013
1630;1380
1813;2517
373;2811
151;4124
184;77
1819;3872
673;4661
1385;2336
926;3890
1931;1409
848;3318
371;3515
604;4452
992;3610
136;1517
1927;1733
1930;2898
1173;3745
1958;2370
1473;91
1097;1147
430;2239
575;873
213;1668
1076;3840
1881;2282
337;1642
1221;1646
1422;1157
1684;4855
1468;3747
275;4913
1795;4005
1526;604
875;4743
1767;4678
918;4303
308;2217
946;2278
560;3914
1203;4360
119;2246
1800;2860
1104;2656
1742;577
96;2530
955;3663
1686;467
907;2940
260;2644
901;4479
136;4607
249;3072
1932;1051
1524;3156
1834;710
1943;4796
1802;3882
864;4166
1382;4011
480;2461
1274;2497
173;1125
1755;423
1828;3513
1147;2271
1737;406
1299;3010
1788;3039
258;1269
438;4179
1408;647
1749;4282
1160;3721
520;2508
228;1930
583;336
430;4490
1526;351
225;3609
1870;3541
1716;1937
1882;1574
1972;4116
202;280
98;2859
1088;3347
992;3964
763;178
868;4429
1996;523
994;1077
908;4937
317;4304
1125;858
1365;345
972;3289
635;1323
1509;3189
1239;2945
7;4801
1491;466
1014;1928
1006;2231
690;1512
1425;1999
1628;2471
589;4245
97;2652
605;979
1660;3397
345;2125
1575;3906
1078;4530
1339;2553
929;4985
1437;3977
1081;575
775;393
963;3041
677;2412
529;2938
1743;179
1854;2044
447;3953
1255;3991
1276;895
1609;1309
499;861
106;2265
1520;4999
1988;889
323;989
1487;3699
820;4356
1834;4692
1182;550
446;1451
1524;3971
1936;2590
1789;1838
1891;438
449;4386
1253;809
813;2382
39;4030
494;4830
858;1157
1965;3262
687;1568
369;507
432;880
1856;570
1394;1632
1895;3614
665;1189
1364;267
1183;2228
858;3955
1398;3775
1715;2895
1833;307
1881;1257
1849;827
1011;899
1382;4313
283;2557
1779;382
1412;2535
910;4650
389;4247
927;30
1694;2599
212;3263
264;4668
565;3283
403;1456
451;4748
1348;4335
1517;4157
1329;123
380;2658
1941;2167
1489;1747
1504;360
1228;935
25;2324
1039;2866
461;29
1854;1634
1383;2518
49;2027
1954;198
244;1361
1485;902
1036;4320
1881;1714
1966;105
113;4893
136;2982
599;248
657;2370
185;1551
1125;4708
378;28
148;1801
760;357
299;1999
1197;2757
320;1698
684;513
573;3085
602;4442
1280;120
1839;1117
1632;1238
1854;4133
951;4474
1486;3821
1491;1509
1069;4779
1676;1785
1647;3834
1286;4181
585;2718
1924;2043
6;1385
1665;508
272;3510
1689;3324
1299;1991
1604;2501
992;3110
688;3592
657;153
1000;4848
938;4612
937;353
873;2334
883;3234
76;2051
1809;597
65;1325
1595;4619
391;3988
163;4679
693;367
1764;1276
172;880
640;4080
1412;1631
1444;1627
1051;1447
1717;4208
1725;4915
1238;2181
1005;4545
1614;4671
1898;3675
1761;1109
1055;4252
654;675
1112;1743
289;277
1872;2181
1156;496
1329;339
1926;3750
1004;2227
471;174
819;1245
1150;2096
1956;4249
1236;2866
1838;3247
60;3018
831;4422
1462;1516
1416;192
193;112
755;1232
1529;4785
720;298
1227;2812
802;2355
1695;2385
975;2541
442;1795
643;3907
210;2267
396;2257
1255;420
632;4798
621;3313
1105;4307
1704;3975
1551;165
1375;3468
1509;3408
187;4790
734;4137
1301;4471
96;2503
338;2519
1780;3400
1078;628
1130;1271
1354;116
1590;4296
1265;265
1200;3133
636;2326
930;2463
6;4827
106;381
75;4729
1247;214
1991;1749
36;3257
1838;2624
960;3175
767;3557
1520;131
1983;315
936;3892
1008;1850
1112;2108
767;2588
1374;1402
1810;1096
283;1678
970;1427
820;2002
632;3405
1482;1285
92;2267
526;2694
1966;1709
1847;3904
765;327
1868;53
1317;12
1521;3997
214;3826
1056;3485
1618;646
48;3452
130;2125
1843;3127
1636;4687
826;3372
776;3095
1448;3860
495;2968
66;3812
1688;246
1431;3174
888;1347
1248;4834
1804;1439
1714;1878
86;172
521;3480
370;2195
485;2868
327;4089
1039;2535
465;2931
1200;4462
687;4639
680;3172
1489;642
393;1024
1019;4295
133;4855
1455;1846
524;4851
1066;1884
806;2103
438;4824
578;4587
322;540
547;3964
1011;463
1631;1612
758;632
1616;3331
20;2245
1115;2172
989;1321
1908;4440
546;2176
1978;4215
983;690
872;3162
1388;705
1482;4173
903;591
107;960
1914;4930
842;177
185;3651
1099;4611
628;632
1429;4434
1429;1108
1073;46
294;4952
1756;3757
208;1388
421;4938
955;2726
1971;3477
395;601
1680;873
702;810
1063;1223
1080;2382
529;2236
532;919
513;3304
1698;741
1771;147
130;2779
603;2679
436;848
1769;1086
1930;650
97;3748
1536;3929
1309;1037
1303;2511
522;449
1562;3681
1355;2277
1192;2444
767;396
1259;2896
661;1172
71;3034
204;4036
59;207
715;1578
539;811
1073;4072
857;3116
1991;4708
418;4050
1329;1626
1139;4757
1949;2587
689;3456
1685;1879
1056;3029
1795;3441
1099;2552
1058;3173
1540;2047
1423;3633
810;798
1144;4810
55;2077
551;2004
1902;3750
1341;33
74;367
482;3740
95;804
1732;1916
881;1559
1494;2104
1533;2313
353;1164
790;2592
1291;2660
957;4139
1465;1036
1368;3285
522;840
1132;3921
46;894
769;4997
1799;4964
1856;4621
219;1099
760;1060
1220;3075
1405;2131
1842;3245
542;3890
1830;3195
1748;4995
1972;972
948;4961
1016;2867
1387;551
432;2820
1133;53
294;85
158;3016
1178;4889
320;3447
454;3974
833;338
1717;2257
1727;1000
1534;4836
882;2844
1261;4426
242;3261
1600;4409
223;2992
863;1241
1961;1046
784;3460
1309;1757
1237;2052
166;2163
1568;64
402;3476
486;2081
847;4184
763;3183
1368;2168
460;1233
1359;4461
1171;2399
1843;3646
958;1846
309;4783
1386;915
108;3962
1493;3100
1258;4366
702;185
1531;984
844;1073
1353;1090
609;774
1893;2142
1105;4687
452;2149
832;319
1477;2657
1459;4021
864;1551
390;684
227;4785
1390;3722
284;3119
640;2693
854;4880
1552;507
1017;3940
1779;3023
1204;1319
1017;4984
1087;4409
765;4135
1756;2594
114;4285
1326;2306
1135;4346
580;1103
594;3227
1035;4575
1682;1401
591;4456
1311;3007
1308;1722
1464;4158
475;2323
172;2656
1624;1009
1107;3239
1087;3141
1545;4729
1779;861
884;2761
1698;1205
863;2979
1780;164
521;1511
929;960
635;991
769;2371
216;3157
1692;1530
584;2009
588;590
826;1379
24;784
1127;1453
67;1073
1698;2011
111;4477
1929;4837
644;3784
1118;554
387;2286
1728;99
388;4962
826;4686
20;3760
170;4561
43;2852
594;2605
1650;3496
863;3001
1168;4029
1314;4332
715;1093
1369;4587
978;3984
1576;4330
202;2663
359;2641
977;1893
1193;40
179;1961
634;2480
973;743
1664;2199
1947;431
1255;3804
570;238
16;4058
1150;1701
480;387
738;1158
1015;2842
695;2336
1735;1027
545;1077
1205;3073
823;1900
1336;2020
649;2644
744;2618
172;1603
1185;2613
1645;1813
1512;3553
176;2107
155;1198
1857;4722
450;1233
1654;2263
379;1207
1672;3126
1610;1145
914;1849
1170;1959
11;4559
872;4428
1233;2581
1786;937
1027;4661
1808;4151
47;2969
758;226
1623;314
1661;726
701;3794
3;1110
886;3539
892;1050
91;2270
439;2040
1039;2303
290;2244
63;4170
317;1482
1984;671
87;2095
887;4479
1998;3357
52;1971
72;4563
1673;3364
1384;4078
38;4892
148;4961
1054;509
728;1402
127;3684
1321;666
1996;2105
40;1587
1791;4901
1577;4470
1062;1054
805;2594
1263;4324
1624;3936
994;2178
236;2308
1676;4022
1960;1363
1932;476
780;2023
1464;700
1244;217
1140;1733
94;1665
1112;2766
432;146
1560;1021
1205;4497
854;4779
1650;3933
52;897
1091;284
420;4217
1270;992
663;2337
373;2153
402;1716
1166;3279
756;2704
1369;3634
1367;2223
605;710
360;1307
195;3620
1278;710
1752;4466
1572;4331
1167;3221
336;2402
260;2773
1364;2199
192;4756
835;3661
902;33
1628;3656
382;4360
114;963
721;1409
812;2124
1617;944
1213;1645
674;1218
1992;1121
250;496
315;1330
1220;4756
710;1803
1704;946
572;4206
1843;4396
440;1907
1154;4094
418;3593
956;2082
10;1657
34;2324
944;1451
1177;1575
1838;3428
562;4091
1442;1762
1428;57
308;3202
1036;3422
715;3962
1839;4957
154;3134
1081;4907
232;3831
1908;3102
1168;755
604;1914
1732;524
915;562
98;1623
643;2025
378;4663
23;2790
1071;3458
848;4908
1031;3658
67;915
381;1070
811;4128
1764;1683
1476;1312
1992;2612
958;617
1194;2975
1310;1788
601;3970
1218;1798
729;3384
880;4008
1594;4323
207;1591
1328;1335
1912;3017
1756;2186
120;2784
862;642
1730;960
1058;2461
1069;4513
672;3821
426;3373
384;1318
1081;3824
422;851
1486;2643
528;1931
465;1556
829;4529
1837;4497
317;379
1784;4035
379;4865
1791;4642
188;2257
1135;3302
615;1167
1845;3896
76;1786
962;4867
1084;1754
1813;1435
957;1480
1131;3225
1549;2464
261;2009
1876;1661
1459;1612
1558;1370
704;4233
819;366
1445;3738
1950;3397
1541;3324
267;450
1408;1484
1413;4732
1195;2881
770;1927
1747;3796
1670;3231
432;1570
395;3846
1549;3255
1396;2217
310;1830
387;1254
263;3069
1454;1362
755;3956
1886;4033
654;3458
554;4563
1204;162
1038;668
1765;2676
914;985
1304;4492
361;1237
1090;4151
29;1695
128;686
694;173
1696;2476
1137;565
874;1355
573;591
500;2239
1475;4349
521;3087
389;3231
417;4926
1918;3126
412;3327
1164;4314
1615;369
102;3517
222;1149
287;2847
1573;503
1611;3350
297;290
1058;4199
184;4377
341;2704
1814;4029
1384;2961
596;4688
1612;2489
743;2794
1467;4419
1036;2302
142;2997
83;1600
832;162
1319;1505
1465;1090
1321;671
1533;4640
261;4964
1889;944
612;3859
888;707
727;3634
591;4531
1618;727
1584;3450
1518;3100
1940;4248
1497;4389
1489;2854
1827;4077
643;1373
1008;3486
27;2096
473;1067
803;272
183;2890
450;4511
644;4394
490;4520
1560;4005
1855;3540
1352;2108
1919;2361
1429;1772
1288;1193
1340;4495
1818;192
62;1742
784;1826
1629;172
1090;3967
402;1809
674;4294
1463;4000
1362;4717
1173;4494
1018;1753
831;3308
513;597
887;1853
1502;4673
1317;155
1765;4128
1705;1397
634;3866
1475;3614
1454;4568
633;2617
1596;1547
1459;2318
1051;1573
18;4983
590;4762
124;3751
1539;2574
1808;4515
24;1701
317;3005
738;2542
553;2304
1370;2704
573;19
671;1067
601;4566
1058;4012
1941;493
564;2906
1482;119
1237;3547
1154;1997
1575;4452
1925;2362
1741;4281
1868;2991
1845;4762
1488;4142
124;1979
174;3741
965;1092
1267;97
1087;377
1124;4376
1453;98
1661;2350
1148;3075
1469;1553
1335;2126
1645;1656
908;2703
341;1485
423;2267
535;2359
1741;4159
92;3300
1381;3098
1704;775
262;4958
7;2973
1183;275
230;2857
416;1988
120;4310
1041;3406
925;3252
1527;231
833;4731
1410;878
1737;4106
1153;234
584;4817
1163;3552
1970;3231
97;2388
250;1873
512;3499
1317;2496
1408;2295
1534;3979
1799;212
145;3539
1715;2790
1033;2276
727;2945
29;4175
1754;4403
218;453
1125;4119
1986;95
1411;2307
42;1691
862;4952
383;2730
1139;4056
1392;4531
978;754
983;375
86;3655
1101;411
643;4532
114;939
1777;3758
1753;1847
1030;3854
409;938
705;4044
1983;1504
1698;2130
1091;1574
1654;70
499;3633
1579;1727
1292;4024
123;3135
1543;608
1161;2607
1338;2285
670;2976
12;3553
964;1387
1504;3203
536;1312
955;2289
1901;2021
188;4525
395;562
665;1086
1613;494
1974;3096
553;3264
1088;2958
1382;2230
563;1556
1464;4004
1758;1478
708;2111
28;3150
1895;1887
1998;358
1141;3301
373;505
581;2872
575;2261
1477;2274
1855;484
1721;2487
556;4605
891;3738
1046;3487
1158;746
1569;1319
1116;368
96;1789
577;2304
187;798
1256;3516
1176;2794
1579;1143
1667;1538
1327;2328
558;4300
1968;347
743;3188
1122;4934
1308;140
1085;3754
1709;2000
1490;1638
58;818
1559;2538
502;910
1623;1274
1832;4973
1285;1005
4;746
454;3153
1382;3811
1;2173
287;278
741;3276
16;1846
1294;4911
12;4109
954;4727
1379;3561
1377;694
1710;3642
538;3427
157;1856
493;4266
154;2595
658;1661
174;383
1276;3769
1547;4811
1014;3060
854;3138
918;2121
1747;3339
1829;3953
1508;906
495;2695
233;1030
585;2264
1419;430
1272;3598
1059;4117
1624;1372
204;3411
363;1099
480;1531
1189;2612
1397;3692
558;3996
1498;3922
1009;1334
755;2241
1687;1968
28;2634
17;2695
1221;794
1344;2225
1915;103
299;4600
1041;1261
1329;4976
512;4424
1866;1473
1989;4262
648;4542
1041;2066
1333;3776
1167;1394
406;4134
460;3976
124;4439
366;2093
453;3609
44;1540
262;4640
1430;2206
111;749
414;157
372;2590
615;2620
1838;2852
1215;4397
966;261
1404;2567
1164;1693
176;4978
616;4215
1742;3458
746;1142
771;4048
1102;2956
162;363
887;2990
180;1516
140;4496
1779;4491
1365;2785
1796;1391
767;4033
1610;1277
1903;3712
984;3397
991;2922
1187;4943
1144;2826
1296;1321
1794;1369
953;1632
457;184
896;841
81;3507
1379;4492
1428;2662
1380;815
1669;4785
290;293
371;513
1721;3268
1916;2834
373;3462
1719;968
572;3560
73;4243
1319;4634
614;4413
624;3467
1958;902
1576;2069
1565;4945
1246;1163
51;850
1187;569
501;3360
136;3333
597;4786
1676;3729
69;1863
1180;911
1807;675
1448;1644
520;1045
267;1158
1764;114
1678;2434
1027;933
1243;95
1116;1384
156;2188
779;4149
759;489
156;355
1051;4189
1691;483
1202;1905
374;1679
1077;4534
1081;3423
1451;548
1094;3917
1009;2505
1153;445
1656;2874
262;3557
35;296
624;91
779;3215
1006;4059
910;2964
358;163
96;1896
40;2376
369;709
1323;2550
396;1574
525;1614
1785;1839
1742;1505
1086;801
462;4739
1527;1038
762;3402
1919;18
226;532
992;3784
493;2291
574;1494
1326;4183
782;4041
766;1778
1796;919
982;1222
1990;3575
1436;35
323;4656
1634;4688
69;2500
1600;992
308;2864
939;1722
1244;1927
1546;996
473;7
390;1996
1951;812
1797;1495
687;445
1124;1664
251;365
86;4541
221;3133
18;2737
710;643
1603;4150
361;621
1679;4071
693;158
366;2830
632;3875
402;1380
559;646
51;3813
328;633
710;4951
713;319
1132;797
1574;1280
1555;4981
985;240
1665;3232
649;2492
1774;709
319;4664
1576;1461
770;113
913;758
1213;2452
779;2254
72;4019
1979;3373
1911;2936
1976;1536
991;3935
1253;1466
1792;819
1489;2349
1777;1455
718;3634
1933;991
1953;2360
1355;4740
1235;3595
1317;357
1227;1441
1245;3631
1023;1688
1651;44
361;1137
769;4161
571;3374
263;2591
1959;4056
258;2700
1546;907
1053;4984
797;2486
1481;1225
1816;590
1952;4646
1011;1781
1016;1431
1163;4305
1879;1740
739;311
770;1689
789;216
643;2398
1516;4035
388;2068
207;3833
1774;3724
307;4975
748;3919
1613;1859
745;2697
490;4154
277;1747
322;2474
1560;2323
652;791
297;1351
384;2011
1162;4642
531;787
122;4483
944;4156
1647;1464
1962;3826
1129;1495
1467;4124
749;4924
1143;4605
1515;4712
404;1475
1552;1234
1104;16
1966;1519
407;1483
912;2228
1684;319
949;2397
1664;1237
555;567
886;3592
851;384
1479;2903
1314;706
1942;4022
687;4703
665;2802
1478;3993
939;823
1582;2544
1853;1238
722;2499
334;828
1763;4224
1315;4250
1584;2445
232;4064
268;3214
386;4694
965;4333
1730;2835
1096;3779
1089;1353
607;3137
1210;1129
15;191
1042;963
31;3173
900;2393
744;2773
1262;4364
1901;3495
1553;4960
1734;2247
934;4165
275;937
1592;693
1267;115
1764;2616
722;4157
1562;3624
1075;4077
992;4604
1765;3282
1229;1658
1229;3696
661;1935
1627;1035
1175;612
1483;2815
1254;1338
742;2435
1234;1158
818;1442
258;4860
1002;1436
600;456
1386;1109
789;2559
1212;4109
977;1525
1589;3915
1834;3688
715;4246
578;4654
1499;1760
235;3783
1662;3462
1354;1392
340;3486
991;1317
892;4184
269;2916
261;3923
970;3861
896;127
1981;836
1103;66
1642;4910
1821;106
765;4710
1392;870
904;3797
1004;2309
22;1840
1269;3401
611;2373
979;2382
225;1131
1578;4319
895;3373
1450;4933
635;4063
1832;1933
865;1635
1183;4328
639;2078
277;317
1795;599
287;1865
1050;923
1762;3212
1371;2755
1868;2710
213;3746
1654;1699
117;3965
497;2188
264;996
498;888
1572;2829
1492;2298
1380;1424
643;2094
327;2513
1455;548
369;4723
571;3248
501;3719
1057;4493
440;2616
1122;1507
1765;3712
1519;1555
1499;1431
352;3327
500;2584
770;12
818;463
232;3453
181;4158
1748;3249
406;1669
919;580
1586;235
1812;634
1952;2490
803;3662
1913;3075
736;4633
656;4854
1057;4109
424;2297
1246;14
1807;4652
1915;341
671;3634
582;2262
455;2229
376;2462
1938;3180
40;3552
1008;702
1582;1001
960;2088
1977;899
102;133
558;4990
1537;2867
226;2333
603;1870
1561;842
121;4709
420;3229
1057;3591
730;4765
1975;1517
1168;1122
1453;1853
284;2710
1000;2551
1559;3643
642;202
958;3065
824;1874
972;424
1238;2116
1919;3606
1240;4010
1651;1074
368;4356
1867;416
590;4491
1012;2608
1097;2507
1549;2767
1199;212
1160;907
1882;1751
392;4203
1434;771
1578;2096
1891;2187
488;1298
495;3204
1462;940
541;4225
1643;2835
532;3811
659;4606
87;868
1707;3379
1172;1959
694;1419
613;4910
906;1484
57;2070
1841;463
1270;369
1396;4025
1492;1194
712;4127
99;3684
1759;4373
1779;840
1337;1976
1283;1478
650;3415
355;3002
1187;536
1183;2943
326;3639
301;1533
138;4869
983;1129
1272;2779
342;1297
812;4029
306;3690
1638;4749
910;3782
1291;3783
632;4895
1712;1849
1381;4067
1651;1176
1868;1928
139;3484
63;352
302;1833
1910;4792
1121;2874
1044;3442
595;2075
1548;366
298;4486
485;4868
661;4234
1546;2390
1540;1193
1458;3577
1959;4759
1255;448
1363;1362
907;2345
496;984
586;2241
201;2381
855;1346
1192;3661
1703;4680
228;3354
416;2546
352;3615
1274;624
1970;939
1736;4845
1720;2143
610;4281
427;3574
1438;1138
88;1000
1568;4593
1898;569
1668;4713
910;4091
521;2138
1261;3799
1343;3668
912;4229
1275;1345
1905;991
694;3259
1157;4563
257;1081
1039;825
677;2353
526;542
1814;2895
1596;1340
1384;1412
103;4514
1992;2468
453;4389
12;676
1408;1331
1601;1070
1186;109
1502;3469
1975;4567
1949;74
70;1653
1435;799
213;4197
1060;2808
561;1668
1292;4670
49;2861
728;4310
1956;3246
646;3789
299;4071
1263;775
466;4339
1405;1575
243;1953
1250;1737
1420;873
1691;2655
1382;3408
189;4293
1808;35
1437;259
1827;4784
336;4904
889;1485
320;3194
311;1426
611;580
1091;459
1097;2315
1267;4709
1902;2491
1900;3010
1963;2660
971;2421
1611;1302
1979;4870
2;3679
1187;4590
1789;4773
1222;1652
340;1231
1312;3139
1709;4439
971;4408
92;1253
462;4948
206;4387
1103;741
687;1301
1498;4213
1635;1462
1219;2984
676;2353
1430;1182
1807;2417
1641;1161
1614;4578
1189;658
708;4826
454;4730
100;1964
232;4847
1391;4793
1281;3327
1587;1998
1938;1436
849;767
1049;3012
37;2808
279;3996
1227;3995
1431;733
30;1446
722;3073
221;2423
202;1008
408;3225
839;2583
1998;1081
1217;56
1057;3295
593;2352
487;3260
243;3846
921;2866
756;3935
1382;3016
346;2829
1828;3758
456;3053
1700;809
1068;2304
1244;1200
1285;3273
245;318
105;3675
1529;1045
1971;1771
811;725
701;3075
1797;3830
59;4312
472;23
485;95
977;4342
1581;2783
1810;1145
1970;593
1164;1627
180;4909
410;3949
1422;3833
852;596
1662;1988
1483;2371
1325;421
146;2671
433;1783
1944;2285
170;3791
550;4117
804;4902
803;1860
1764;4204
418;2008
623;4296
1200;2485
800;515
1666;3984
1209;3721
1939;4524
1895;1179
1833;4218
46;2289
862;3480
1817;2235
98;4278
1223;3442
895;3346
1120;1255
330;3796
1073;2991
129;195
1908;2480
777;2114
986;2049
1768;309
942;4650
483;3344
1867;1986
285;3387
1813;4238
1025;3490
1207;4762
639;2636
399;3092
668;4579
225;3240
1896;4789
321;699
532;1952
1071;2347
1082;4342
1624;2583
855;2152
538;3192
1639;2569
391;2542
1964;68
1264;3489
1301;3099
1526;2726
1027;274
1886;3912
751;2105
1399;1794
194;3712
124;1227
894;2415
1601;2612
220;2165
1250;316
1098;2065
1505;2254
153;4168
921;3454
1236;4122
1864;3272
196;2306
1850;1444
880;803
157;1472
1317;3041
259;2474
1493;1184
910;1690
1731;1512
616;802
1953;3071
704;4292
807;4977
1599;3629
260;803
94;1382
1536;4805
770;770
775;2042
1147;2964
1122;3207
1919;2982
819;2857
1841;4530
1801;2116
1550;1063
988;1637
1008;3812
494;2894
1484;4066
28;3633
82;688
359;1785
1039;1264
1608;4178
327;465
1868;2292
754;3694
835;4883
809;2041
1481;1883
139;2417
858;3345
783;3655
511;1724
406;1833
408;3187
761;236
1294;4338
1657;2677
1609;2446
939;2569
235;370
492;538
1906;4634
232;4766
1827;1884
519;2030
461;3002
1615;2776
259;862
713;1952
1856;4810
3;2925
1672;2816
1113;1071
439;3646
1382;705
688;1702
1819;365
1173;4100
405;1319
1284;3552
1751;3848
1316;4327
186;4690
617;2482
144;3337
1790;3306
496;3943
893;4022
258;4762
1566;836
1090;2578
863;1922
1249;1886
926;4571
1375;1822
1054;858
691;4538
1934;4637
148;901
1319;3722
707;4731
967;2624
1614;4208
1807;3399
1177;252
640;3014
403;605
935;222
1;1609
981;1326
816;1346
475;2510
874;4424
196;4533
2;4347
325;3876
1552;643
1856;545
1298;3800
82;2213
68;3170
1866;4809
447;352
995;1541
874;4780
1055;3322
1903;3343
395;4130
1380;3423
1728;2593
965;2832
1200;1576
1847;2287
1013;3372
1929;404
1589;4742
114;4209
382;1168
1003;3972
425;3753
1124;1315
1140;2879
1189;3087
545;450
1715;1988
272;55
852;2468
488;1984
1653;3518
1461;615
199;2743
1766;465
361;61
633;2041
389;3641
1273;4855
1334;1742
1877;368
480;1111
918;2495
682;2037
68;505
1950;1106
1085;3978
796;1771
1055;4681
994;4019
1002;1251
591;4359
745;2072
1327;5000
1629;152
295;3137
934;3903
706;1645
1141;4770
1258;2899
223;4565
889;1782
1616;2338
1747;3996
868;558
1261;349
6;3541
195;3610
901;284
826;588
997;4447
1877;60
1380;4020
1800;1053
1850;2451
1472;2246
1090;4582
522;1149
1811;4936
495;2598
1557;505
1888;4201
1185;540
1054;3136
1715;4768
50;3278
1674;4227
1904;495
57;3373
575;1267
67;3570
1272;2032
638;4313
1796;2913
1877;4923
1420;1374
1745;3741
1577;2835
19;4403
407;3009
607;2370
199;4723
122;4852
1031;1786
1959;1415
591;3232
572;1201
1409;4433
832;3613
1630;1278
1875;2913
170;1450
392;1128
720;1737
434;3423
1732;3989
181;3378
380;3783
345;2741
1619;1574
606;4091
39;337
1282;652
305;2778
7;3125
787;4373
1094;4177
536;2218
1169;4862
1273;3059
180;4218
1616;3464
596;1209
1481;4970
1262;2559
608;3737
416;3520
1609;1856
622;1648
932;2496
1241;3964
1753;2701
1426;823
1326;2275
837;3159
631;4056
202;3918
634;1384
1943;2100
53;1882
82;4408
392;4326
1086;2688
371;1382
903;522
1686;2043
732;2408
609;2565
745;3990
1242;358
1620;4945
1503;522
18;2354
222;1199
619;4789
176;642
1683;1011
1698;2499
1959;129
1644;270
1694;2401
1262;3849
170;4581
905;4516
273;1032
1750;1284
1577;4538
1791;228
1095;4246
1551;799
1704;209
1339;3335
1981;4898
455;1466
408;4621
876;1069
1201;3391
1527;249
1116;1145
1538;1783
1966;2707
1964;1888
984;1343
456;1361
220;1386
406;3451
1332;1174
317;1444
1311;601
674;4420
202;4865
1516;962
1638;2770
400;4423
1376;1985
626;3714
1879;363
1510;1957
703;4532
1403;962
879;4831
55;3732
1073;2063
1040;4290
1795;1832
1321;478
1889;4177
889;204
604;170
720;1333
1373;898
1382;4211
1549;3125
1412;171
557;2737
1350;3358
628;2087
131;3473
300;3509
472;2469
726;3677
1192;616
1165;177
75;559
460;2770
1129;3661
525;278
1991;173
1364;88
956;37
1711;3735
1703;3608
474;4300
1500;2694
568;2092
486;1287
1933;4783
1786;3609
1252;4472
1778;3737
1699;2476
939;2748
1619;807
1482;4925
1942;2495
575;832
1039;4136
434;933
242;3438
1141;537
1990;17
1737;4203
1165;4542
184;1967
1274;2345
205;4831
325;3117
1014;4526
1187;1139
1606;1663
1504;934
718;3534
1504;4071
1955;2158
1957;4484
1019;1211
1610;4809
1540;1258
1460;281
1924;2873
628;2447
940;756
1225;2626
638;462
1879;2590
709;1889
1249;2519
725;1765
534;1878
990;148
1215;2621
961;4926
1780;3997
1742;2521
523;4449
1870;4120
1362;1476
819;3685
1550;232
399;3493
840;3825
1607;3847
731;3082
1707;2724
392;3792
455;2244
561;417
1529;3828
530;4802
598;1523
98;1805
1093;49
551;3873
1804;4490
80;3643
1054;3960
84;544
1463;962
1231;4355
1415;3127
556;3628
1330;3704
860;19
897;2941
1950;3827
647;3691
1348;1605
1745;2486
669;1504
862;1173
611;1239
412;554
867;171
1661;276
1134;1164
1118;146
90;2476
532;1137
675;335
1726;1101
561;1739
584;4794
224;4790
1932;1681
1965;3350
1833;2309
1318;4252
204;1243
69;1543
1679;888
1304;3612
477;2343
23;3380
797;944
1643;4223
38;1898
1690;2964
1141;4370
845;1172
589;2244
839;193
1311;483
139;3963
961;4217
559;4592
968;2391
458;4268
424;609
1721;1031
546;2752
1846;678
90;4607
1846;366
956;4173
872;1623
360;4081
217;4304
517;725
147;3881
887;3824
1578;39
822;3306
542;354
28;4101
1261;1454
1766;2852
1189;2022
1251;130
1094;4943
449;1605
879;262
464;3336
1925;4133
1173;3948
923;1935
735;1506
1111;4078
257;4526
104;932
1381;1183
1811;1693
1885;2640
775;1089
878;1933
1431;506
1700;3154
1732;1643
1578;3324
1063;3992
1379;387
1935;2661
681;1736
261;3063
1886;2745
1673;4095
463;357
2000;4502
1644;2051
278;3412
1188;1983
1162;3375
323;2834
1965;2943
709;472
383;3744
1487;3038
1907;4387
1203;2959
1625;3199
1791;3904
1130;4149
26;1206
296;3027
972;2997
1320;4414
133;1686
1271;2061
1338;620
1151;1145
68;252
662;3495
1975;1089
202;1426
1950;3525
1672;224
1400;1622
1083;3805
460;331
1379;500
866;2806
846;1591
279;2822
1801;1953
1049;886
1280;234
1948;3125
1078;3274
1323;3365
191;1256
619;2630
1111;4103
1362;639
248;1365
676;2283
516;4923
1260;2658
496;1702
1676;3486
226;10
918;845
132;3375
1594;473
1583;2726
1889;1762
629;1714
1834;1253
1273;3709
1421;248
815;2907
977;509
1940;3755
903;1022
1985;2958
738;4025
1826;4445
1442;3982
653;108
84;537
1280;798
1783;4683
1031;3179
15;3091
482;1515
293;2737
1829;4478
1933;3282
1218;3602
1233;2097
473;2206
1111;2971
62;4412
24;3494
332;3532
1200;4358
798;425
740;480
1049;765
257;499
432;3282
1540;1822
565;4276
1255;4643
1633;4901
254;4245
1944;2118
557;2985
954;4698
850;731
573;2493
304;1712
666;3219
1999;886
1841;1501
1204;427
560;2741
1441;1092
1900;4841
675;337
555;1612
406;3431
579;3380
1822;1792
1452;403
767;3624
69;3770
1213;2047
1688;4158
174;4456
1453;1524
1924;357
423;1287
876;2436
1689;240
815;3751
1816;901
449;1661
129;1878
1513;3114
1812;1636
1153;133
181;4266
1074;422
1318;1270
1134;6
189;3265
784;4239
73;2663
1192;4490
141;3258
65;1849
86;2830
1326;417
1296;884
974;2617
1974;3197
1793;1680
312;3193
1240;3444
37;323
1872;45
1989;2636
322;3434
428;2646
82;1070
1196;2581
1458;1115
1250;44
51;4097
1101;3248
1161;3837
1933;4264
758;1582
1279;4260
142;205
1726;4511
384;4219
1801;1220
129;2645
1653;3739
1462;4609
1893;4988
1546;3485
777;2459
1571;3452
263;3580
1515;4129
114;3086
276;3498
690;2861
168;3219
39;4143
1544;2742
960;3453
1718;857
1531;4857
1342;4596
1753;2534
1270;2285
103;1949
653;4021
576;441
839;596
1753;1663
609;4858
321;3261
536;4362
784;1329
976;4840
558;3818
1399;2277
1840;1010
1703;1015
149;4742
842;3174
1000;2033
1750;4574
278;3531
173;1029
1264;441
1924;307
1487;786
168;806
291;4669
932;2183
825;4027
1159;2266
727;2998
370;2778
1684;786
615;75
1952;2563
881;542
1429;874
1667;4846
618;2993
176;135
420;4007
567;962
1794;3940
166;2325
499;213
1532;3283
1082;2091
892;1166
1562;1684
1960;1115
533;4413
1503;2461
1290;1007
1458;4029
1720;710
975;3724
1643;1933
690;408
1799;4783
1809;2143
202;114
477;817
914;4724
412;3268
967;2479
139;4564
1777;4161
389;4407
1691;166
544;4061
778;2490
1465;2976
1344;1191
1826;2838
464;3390
1244;1271
1817;263
250;4327
1729;2178
1543;412
438;4432
1185;4770
559;3786
1502;2433
409;4477
1660;4862
686;4421
198;758
753;3220
467;991
1973;1193
1980;539
1861;3174
282;3181
898;270
245;1609
1239;2206
770;3098
1966;346
1867;3007
546;2140
152;1729
1391;4471
1009;4334
1517;1457
1187;2591
909;4550
1529;414
862;4529
52;2590
40;4043
1697;1990
741;1057
1086;3868
1671;671
1450;1450
1899;617
851;1272
273;2177
893;3808
1072;3520
1512;1287
630;4435
1280;4430
732;369
1966;4547
1391;2448
177;1238
1790;4015
1716;289
312;1048
1031;372
338;3821
953;2353
519;3330
1875;555
21;3403
803;2586
1647;1121
374;2633
142;4276
224;3765
181;3036
930;2031
90;4082
512;402
1864;1911
80;3111
1181;4304
885;2022
1497;4663
892;664
1508;3656
1120;4794
1994;3873
1577;13
1899;4565
1703;3616
1010;1646
48;3477
1570;1407
468;3014
15;2527
632;2172
566;439
1191;1454
1132;3539
1661;3373
592;2580
109;4952
1606;632
1160;4945
319;1469
828;2065
222;2088
345;4555
1763;484
594;3633
541;681
1159;2659
831;3617
1397;1888
281;2638
559;4507
1625;1407
1867;4775
694;2702
768;2626
603;4330
448;2609
280;835
1229;2544
1181;2334
796;414
1681;2370
450;719
1884;425
892;565
1106;4647
495;4915
1624;1492
1823;1587
119;4439
1301;3511
212;3781
710;215
141;1706
579;1473
691;1694
744;86
512;1482
1483;1975
582;4841
1801;1664
1453;1943
787;3908
1646;1502
1610;4260
1767;2940
783;1750
241;3937
1937;2258
1631;558
622;545
885;4204
753;3897
1324;4492
1299;4965
104;415
1861;2238
1223;1284
1036;2697
166;4598
1942;4153
924;2728
243;3629
797;4583
1498;4457
1820;4974
1801;2586
1463;3594
655;3550
1993;143
880;4581
1325;2462
1295;3157
749;3495
1002;2829
448;627
1487;1044
653;439
1583;1004
368;3360
687;1814
1399;3943
659;2476
599;3875
674;2139
361;4137
1021;503
193;247
1687;40
1171;3156
477;4626
1924;3307
1745;4076
167;4511
1461;4741
1204;2952
1598;4550
1051;2556
1709;588
324;1522
301;84
605;3822
208;640
1104;4171
857;4193
810;3289
1161;622
1566;2417
1918;2687
1203;4873
1160;3149
691;3277
1997;4042
1828;1689
1307;1226
1895;2662
1172;1077
1618;2877
491;4566
276;2961
1738;3551
1544;47
539;3999
1261;983
1792;2551
399;2630
464;426
723;3669
201;3765
1528;2693
1533;1061
1174;265
1938;3009
1377;1004
1359;1956
1122;859
1247;3610
1183;2399
1752;2029
1188;2464
604;1515
1670;4750
1536;87
1079;70
1947;224
1067;2079
61;2571
2;1329
1144;3917
1325;3611
1616;1027
1631;4804
1165;3369
1844;1819
1476;4506
1194;2943
1925;536
579;3754
790;3407
797;2216
1276;3894
855;1206
35;2478
1573;4068
103;2913
742;1504
1254;1973
1737;1624
1006;1264
323;1976
1794;2186
163;3311
527;4619
715;2402
767;2858
1552;823
1398;156
1172;971
1947;182
1807;97
1768;1129
1121;568
1332;402
696;222
898;1108
476;3415
73;225
1398;1457
1266;3756
69;3380
9;545
1026;4778
1575;239
540;1493
1508;1203
732;1625
1613;2649
542;1463
1846;776
463;3764
455;3027
1589;3251
838;1616
1992;4454
1951;3858
1406;3990
937;1645
289;3324
1991;2151
103;1802
1524;617
1851;3637
503;450
48;4303
1608;4845
1063;1865
1651;4397
755;4852
1647;626
204;747
221;2700
641;834
1723;2844
1167;3246
631;1621
1997;4528
1775;1492
1522;1085
1569;2337
22;3351
119;89
1971;2781
1698;784
1249;2531
966;1234
834;2342
420;853
1215;4505
164;773
1625;1063
152;3036
1729;587
883;3327
331;1075
1087;1881
558;1700
1444;3153
1481;589
1918;1879
900;1228
44;568
598;1991
474;2625
470;4270
1563;447
1133;210
759;377
548;3867
192;490
469;51
1350;4360
1837;967
88;3281
87;2382
619;2438
473;1202
790;2345
1504;379
760;1994
23;2764
597;3703
51;3233
1084;3156
1823;919
1642;653
1103;988
1544;2691
505;973
870;761
1854;450
1973;3215
37;2717
1643;304
225;3316
991;3552
140;670
1195;2637
993;3967
1054;2356
1419;642
1645;3232
1755;577
620;3370
46;4437
800;356
1795;4474
885;1906
1342;729
1454;1646
1475;3921
1079;3435
115;1413
414;3041
214;4732
773;1369
68;3969
956;2825
1676;1410
174;2411
1153;1660
950;4746
1245;3708
1873;4081
197;4574
1355;473
1384;4807
20;268
640;843
312;2841
973;3515
1393;1928
1745;3562
552;2645
1219;4171
1320;1281
113;215
333;2963
1235;4170
1941;4123
841;2655
636;1224
873;275
764;1095
184;1925
1826;532
917;1160
1988;50
48;3488
1506;2965
1217;4824
1562;2841
1171;4631
1776;3827
1870;826
1455;1167
319;2129
620;2109
1030;3497
1091;2325
1364;4427
642;3622
1453;3555
433;1973
566;3916
862;4548
356;1796
1675;2277
911;1084
1796;4389
1701;4783
1017;37
860;3598
540;3555
483;3705
486;660
1327;4604
1075;2062
1121;3819
276;90
1258;801
1508;2087
550;3168
573;3045
632;2083
473;3362
1103;471
339;2181
248;793
1411;1635
776;3376
1014;4042
115;4889
1942;1687
972;4492
1614;3891
827;571
55;2646
317;3864
191;2803
719;1155
1329;4563
1647;2833
1122;1613
198;259
1906;1509
1745;425
195;2581
1050;3579
435;2656
1941;4717
1967;895
1095;4815
708;4093
153;2834
354;4352
1019;2539
1198;349
1475;4512
1925;845
733;1052
231;862
890;386
1880;4502
1101;4523
2000;2883
223;2433
1156;2595
1380;4972
1143;3540
1909;245
1655;1573
1219;867
104;54
679;3040
1046;1831
558;4414
2;3343
755;3604
1124;2075
1263;1809
210;1481
649;1561
173;387
866;2014
382;778
163;4666
330;360
1219;854
1137;3428
671;3023
1394;1898
1432;3472
116;1996
296;2421
1062;2556
934;4452
637;2196
58;4191
61;1515
984;1141
668;1717
1597;257
1134;4564
1504;1986
324;4073
1563;3329
1363;4688
550;2918
629;2707
265;3364
1786;4123
284;1080
735;1846
674;2766
786;3
1783;1460
1339;1825
370;3960
212;1928
1525;3208
509;2880
1535;4277
1708;1093
909;3699
631;2632
576;4330
1215;1817
636;4625
1704;3755
1482;2277
112;2596
305;679
704;4559
1499;2677
1979;22
69;2608
1224;1468
218;4826
424;194
1691;2703
119;3641
1686;1778
1975;3475
836;2007
377;1197
1601;2446
479;4696
962;4792
1919;4809
224;467
1989;2184
1638;2110
564;624
65;4756
1612;199
633;2452
1874;753
1966;2913
273;668
1632;3822
1084;828
1659;4911
1873;1300
1912;2766
857;2335
1392;729
1819;3455
819;2156
1067;3733
1723;1862
365;4378
403;782
1335;575
1081;2875
768;4642
48;4032
1535;1124
1171;420
707;2935
1429;1229
1992;198
827;3390
1933;1519
663;1397
1583;222
1415;4140
1631;2002
979;534
474;4737
1360;1926
1452;2254
1757;4650
690;823
1908;1012
690;1601
284;4158
263;3206
708;2094
567;2639
1061;1381
1152;3997
310;1971
1100;4281
16;4242
1671;3331
1173;2636
522;1906
1457;427
638;2357
1280;2210
1707;1704
114;2566
960;1346
941;1387
596;2593
1114;1236
878;1877
1898;314
71;302
1229;3821
1590;3349
307;2074
1252;4487
1248;3543
468;291
1704;204
689;994
1803;4191
1590;3224
536;3906
415;2615
1512;2362
1805;2035
1368;889
329;2963
764;252
1053;2120
1340;3994
875;4309
1004;3290
147;4764
1983;4041
495;1503
1853;3179
1757;4500
982;2567
812;329
908;3119
793;2431
981;4368
1020;4916
1572;3271
914;747
1014;1019
1451;45
751;764
394;4922
678;2812
779;484
760;4778
1036;1331
1621;2751
1839;689
293;3508
387;4258
1443;2557
1528;4498
1789;1057
1937;2545
1614;1836
747;664
1039;3549
554;2358
1488;2841
870;1347
1389;20
848;3799
1024;4493
1695;1916
1371;4868
701;368
1287;591
346;1675
1103;4918
668;1478
341;3375
1109;1371
1318;406
475;4547
619;4868
647;4596
1351;412
333;4360
364;4668
1593;1434
933;4554
1287;3720
238;4117
1957;3975
1137;3980
1312;599
686;3003
338;4545
314;959
381;3288
163;1241
1413;3768
1373;2620
228;1271
795;4181
642;1809
1234;633
1010;810
597;1480
1700;2427
1821;4874
1606;482
1808;708
567;674
406;386
750;3137
1470;3103
766;1368
1677;3161
741;2035
823;150
715;1686
366;1564
1927;115
610;915
656;2499
1764;1423
696;2665
1903;1288
1132;4295
1993;4102
184;4847
528;2576
1483;4811
357;3087
1424;1834
1682;3099
1331;1728
635;891
1157;524
1846;2731
514;35
634;4331
1012;3086
1588;1538
1449;4929
1879;2452
1289;3805
1333;4953
387;2356
1749;2673
1053;1969
710;4142
523;551
933;1929
760;4779
573;1500
449;2192
1530;867
141;518
1268;2438
1891;3021
1641;392
548;3468
1264;883
1224;4041
806;1108
1495;3297
725;2171
1720;661
1117;2450
1610;2913
1128;3245
1999;3378
1356;4557
703;10
514;1338
659;875
7;2181
194;3803
462;3558
1541;2628
1479;1175
1593;4668
1396;1043
616;4396
380;4371
1270;686
1299;2625
1938;1190
1199;4869
228;1323
1439;4151
660;3595
1232;1067
90;4724
1203;902
1559;4534
1086;3948
1031;1362
623;1771
49;4858
1629;3442
1869;3023
1692;126
1150;2351
705;1900
1027;2365
71;2535
381;19
1468;3975
1597;4525
1272;2759
1045;772
690;3471
216;3527
1907;4705
874;1856
1860;3936
1973;2453
1113;4246
1507;3646
446;1065
70;2635
1731;1082
765;3657
1146;1195
1458;3327
1338;3078
193;2885
1472;1450
151;4617
1730;1728
840;2838
530;3331
464;2542
1941;3681
742;2863
307;2784
861;1652
404;4507
83;3631
1344;1067
1663;1505
331;2103
493;3888
1108;1942
310;4831
925;3434
1460;3832
1933;2002
414;1337
1501;4520
1323;4727
1850;2169
1312;2400
117;4835
813;610
168;4671
1331;3133
816;3558
1612;4202
144;1037
509;4546
57;1324
894;382
1579;2907
959;4796
1438;2421
1331;1840
695;3713
1616;4761
311;3587
513;2749
1123;516
585;4418
366;1837
262;2593
368;1549
790;2758
790;4987
817;3489
564;1273
1173;234
1099;4809
1333;616
894;974
128;3955
1223;3970
693;1624
1491;4221
421;2137
939;4190
1083;2110
1189;2706
1288;520
1270;4293
1296;541
1948;4287
1946;4753
900;3058
1255;2223
1306;1268
1234;3976
1249;3061
1698;3175
702;3210
590;2078
256;2912
1510;1021
9;4831
108;4375
1495;1576
1668;1259
1126;781
1858;3683
1706;4679
1264;3514
1971;351
1227;1028
333;3998
1575;3635
713;1396
1469;2474
1169;2529
655;3750
599;4035
1202;4801
692;3823
1411;3628
209;920
1051;4021
201;509
633;2969
485;2109
185;1968
1330;3167
950;477
381;3866
1937;2442
1041;1985
176;1819
1476;1903
242;4640
692;4864
1021;4839
396;888
1109;2863
271;1897
626;1634
378;3247
1845;2737
1388;2385
1908;3344
1838;1576
1249;421
1120;1830
1158;4779
275;181
496;2542
1303;2556
885;2223
346;2579
929;848
371;2893
1365;4052
1483;2974
1475;1802
1322;1096
861;4990
868;1029
913;2607
1913;1411
981;1151
123;462
704;1400
1688;971
160;4192
558;3281
598;592
904;2434
711;4207
318;2691
1752;3590
985;3550
1426;2217
1279;3969
565;1394
564;1054
202;4367
20;3877
949;1788
1738;2585
1645;1172
1744;367
1267;125
1596;1533
1133;1458
457;678
637;1930
649;995
1302;1813
1278;2069
1839;3809
225;4253
1426;3698
1208;779
537;396
1447;465
656;1546
1203;979
1028;1331
869;465
589;1478
903;1785
1249;3487
375;3863
1142;1487
1851;1613
252;4951
1432;4862
181;202
1548;434
1869;3473
289;458
1900;2586
1198;1717
785;3382
1219;955
1398;2192
470;2115
1739;1199
1392;3960
1428;811
1131;3189
1067;1426
1482;4274
1794;2654
1895;705
315;257
589;3372
356;1396
1329;3326
133;1179
587;3367
1115;4710
149;3714
1167;2717
1468;1650
1350;2152
778;1372
1177;4790
1806;3619
267;3487
475;2743
94;1421
903;2174
141;842
908;386
1232;3789
1738;3888
1406;4273
1491;4258
1377;3842
288;3043
1675;1614
352;4416
978;4978
1346;942
1150;4730
1257;671
144;2504
1390;4168
1392;500
1337;995
679;2879
1633;1720
923;1180
977;1739
870;1961
829;2187
1627;4975
1690;3938
240;3749
1928;3396
416;3942
327;1272
1997;2349
1186;3188
1138;2583
479;1461
1388;1158
808;1263
180;1736
396;4156
680;4486
732;3249
1758;3620
1276;4608
1986;3122
1638;4427
1338;152
269;3682
1659;1546
1782;1783
175;2884
1038;988
462;811
743;4307
428;4180
1218;4198
251;2291
1680;2706
829;485
622;3833
368;3809
196;963
1364;4799
533;4068
1479;863
397;3406
1943;1715
926;1360
1067;1940
1241;2216
528;4631
968;3937
1309;3148
771;1534
676;990
641;1449
538;3658
332;601
987;2663
1815;324
28;4687
1354;4601
1399;4840
1646;1634
310;998
1804;3117
1828;3020
1605;4510
1737;167
1897;2391
1095;3977
18;4405
524;1089
1162;3795
627;2809
430;1754
1973;4460
1454;2188
1891;4414
665;2824
1111;4229
1005;4085
1037;4026
1894;809
1453;234
1113;1809
708;2651
1591;1452
1108;3528
1561;1043
1503;4520
686;3760
1950;2119
1351;457
38;4923
1784;2591
82;1104
1863;3337
1101;3022
1781;1169
284;2443
16;2379
1845;512
724;2832
1698;849
1537;72
505;3238
1262;2533
444;3528
929;3347
597;4119
1522;4926
1396;2758
1222;2412
76;2002
769;2055
1837;1542
1119;4938
1414;2297
1680;4960
204;3811
1611;3030
1075;1497
1578;4733
1657;1923
674;1641
1347;3956
1481;4844
669;431
